$ANSIBLE_VAULT;1.1;AES256
39633036656464623334343436336332646638346239316265316237663966633536383163656434
3563356664303839316364633965666230363138383238360a363333636665356430616433306436
64353162643863336534653332626434333034646662353935616630323633393833353838643065
6464623731663537330a376539346230646362333265333130633136613039623339343136633334
66373466636233633265373036616537323534346264323431386130363339353738623665653839
65326634323835383562316234323465386362633134653561386163633738386436623834623034
61636135623466383866666435666461323437323432376434313135613437646665373862356137
31666131386332316166376337326361303862346664663065356633383932663866386132623535
35363566393666656433653138366538356231653262316361323432353532636262613431653137
33623736303733666435353231323635666335383931396666303837643434623466636338626564
39346337313335666330383631326139306465376230653532313463353730306333326535663564
66313661633231313634323030353964343637646465366635336334646665363266643363396432
36343439313832616263323639636461393330396631356434343262653536363639363833386463
64643735326266386633383333393133656139636437316532323538386564333035646637653065
36386331366661393366353037316262633065386364376662376632316461643831623239336131
63326632613630666430383031626631373466373565323763393161616661343064356237666563
61613232393233353834643330313436653862633962643566353433616665303864326662353639
38343464346537386133623263663765633236303961303731313066343166373730653966323461
63353233653633333536373135623466616566343739613637373361363534633435616137343631
66346536346265373361623066366232643831393530386637646136346637633962306630313165
36343862363931343033366538613833366337643461313563383531323562613263313830633661
63353063316439663766373435663433633533636562393964623437623736663434613736643562
62613161663736396532373962346339396464623965613232666437656435333362316437303265
32653634656230363932353864663466386338666133373462633630656137636261653831386637
37616439653132626639373661616336333532363065343736346530663163376263373534323863
38346336336537623539373363386362623735363237633738653161636166393132333132323036
66383766383132346332313837646335393937393339316263353237363334646334343831623665
34623337383664376164383062643663346665363463336465393533663963373131333130613332
31646561323563646334643961343165623864383366363430663237643735353530626464643363
61346336386361633664613236653932623961303132333362353139346534646234643533326135
35333531303962356332383737363265353533323432623035303865303635633035343932633364
63303938636335396366633265313661333133393134306538656330323838383539663534643365
37656338323833646432366538373735616437393965666232333232623232393139663830373239
36366465626234663431646635333534393134643435653436636361363536643037356332313663
32626231306662373062393266633934663535656264663564303166316562376431643932636566
39343764626139323266643639633461363539363566303864366162653163633530383166353030
31373633303531303132663632636663613562383537393532333730363233376665313466396337
32343235363933303561346563363062656566353732386466623864303563396435383438343838
30636461623230346161313537333264656438366433303135646563643830353466653862336165
66346265303739306365626561313433623833663964306437396136323864626538366263653663
32396539316636333037616161333131313937353262616262646430383936653164653866396230
34326332666261343362393264646166356530396638636638313131346238373665643238343463
63326562663939323330303830623366313337363265363765373236663733626264313164633539
65623737303439356666326633653330303936323065376633336635333034613564343733326264
63326638633131356632663866346338646461613564656331383664363632613463363439646435
34363139383666396336336663663134363064653433313234323539336339636535623635366430
37633631626532636161323937656439386133623737613135353666353430663661313837376361
34326265346633623139633332376632333865353535393935396634393033323030633566613965
61373935303064326534633264663464313361626438386136353234346632373032636135303933
37666138303263326164653435366563336662666237633437376562663936306165386536363132
66326639656162303936653133343732636431653632353835373265366165316238613231356231
36333735306234313366663732346166636463316561643063643536316431383834363562343265
66376332353538303733363331366537303930366636633439346532393138353433653265303662
37383332386564653132313730373133313436333164373166656133633935633531373630383835
33316134353532316537613439303731366230346565393339333366666336346333643563633738
38656232306133663566636663323864663237346463646533636439303239386138343834646530
30636635323238323937643838386137333834333338306166363566313665666134313762666462
37383264663565643061613637666338616436656362353335393733636337376239623533333237
66336137313966383832346139333161333262323532333062323434396336313965616264653931
65646439383061393231366132353537383030613132653062383932633539313464393235316536
33373537613664313363633338386237366639383931626562366366646632323936303833313930
62363864386265633663356666303530316433643937336239363433333038613463353665333830
64393263653861616535623861393838343665366132386139363463646432363361303265643431
65643535383461356331633065343966326630313436633833353738623336353039663664316131
63633733366164393464326533636436323537346161393631353165636131663930373231383365
38663763393563633637356334633066386632303262633962303638383662656565326637666333
31323733646536643566663933393531633466373737613966373333396138306532333065643238
64383666383337343335643137303532346563366366373237343264653332303164333661663666
38623532656564616362346338643161306430656136663231353864626232393336343330356265
62623930636131613362363566356365623564666566653132323966363534306566333434376465
30666332666531373132373464666463653166373766393163653830306336346362333561306138
63343438626161626466313933383334363434373664393630333530653962643830363434613837
62353666343332663634613738373735326665356237333762303731663961633635346665356236
64636364636165316539316439333737396238373535346137646133316131643939343237323366
66323539306664623866306163643861663037653630326533653737313735333239663038636234
39363463656438653134353831373338373564313039383334343039343262376330323732356266
39326536613132643532343033663564333362383337323536316337636264656663343562366333
33636132383034646166656430306363376532393539656266386539313335366435333031646230
61373137653336353635303637353665666632383362366433323136326435333935386634343531
39373534303934623131343032383630336136613138663030623063336461656431383333623330
35666664363839316336366437613661346630306132623130633439333763333864306338636463
34386564323164323139313335353564313837663862326363643831666131373163623266376434
32333531356562336638363932303962623531353039353139643531623135396438373932643165
31306233376362633030646266383562346166623736396163366135303035643761396236646363
64383262616535336435656436333837393862363530373334633031333962303034303737623537
37383833326237353638653438346537653064363935313465336231366331363863623638313139
32396439623864633437366132653233356365333632366262666566353637316162626164383663
37363261313236333535623232303964336133343837303137333632636138353831613465666334
63353565376236316238613163326533613631633862653662633134366436386662363439633731
63343436383462333639363832313264646163363566306263383234386239376432353035303533
32613763326364666530336433376532653730616334316139336565346564653163323764396464
34643366613339393764656661366231613662656538643534373836636130663865353734643734
36636664373434626266363437626239626435626136633130633263393030383863316336613865
62303831633166653836326561393631383635343231626530383836303430653837343062663030
38346637376632616464613131663337306162663862623337616232306232646364363932656436
65633732333335316337303761663236363631626263653963376630393136393164646464356137
35613766393565663831386563666365633438333461643331656661326435356131363165636263
62303938333234626135303233316664393761636537363062663164353363376439666531663836
31313633326533316262393163343664306130343166386632376530366332336436663961313937
34313261326461373630363963313330616134356164633666616163643738383662366633393032
65326632653734333866363664636665393261323763386136376336353430626432333230313439
30363262663033373062613039626565346432313563343336663564316163303931303338633234
34613437626361313533333861646266633639323932623062333239396433626362306631626661
37376562396435366335383433623062316439363433393439626338636134353839366161353536
33386335333235633465613861646439663666653661636630363239613833616261386631643562
35323465326266636536383632313238396332633038343634616365376339393335633034646639
37626136653737313931333732666137653835666434643565633762646637303665326634623433
36343662343565313930616330353937333938643632376633613762633039353033376234386365
61336465336562313066396364313361666635613661366462303635303633666562393862633639
63323061333538323063626331656139636466393466623031633131366463333439373833643739
63393164393532356632643033353131383737326238376563353937306566323938373663623262
31643838303634323336366562663636343836383862326666363264396334376631633961306535
64363935343564373964303537373065356466396161643062393335383961626462336631376165
39623037323538383562666439626162623938373436353364383833633066383731353266646137
37653863393766376563616563363338343263613230383665313562643632663434393934393331
66383161616437363137623933653532663961323936313633396530386533623933646531353464
61326165396639313933393834363532643332626636336163336235316362333335643762623830
66623461303565373935663762316165363066393638646166663732666235303038326636643934
30633630643937343535343737383130363332656165376338613139346537643662663437366165
30653063323365383234623430656666626330356231396437353738653861373662323837336462
62643766376130343837613364313766656530616534623637393138376165643963363338356566
64633935373363353232313238323661393034333832323762646330613439343964616138343134
61643764356530343630353832663363326437303530646538376233346135613730633732633138
36396364326534643932326430666466323931376339383537383863306534396438663937663531
66336666653930333438353431656436636662316336376234643236376437306161366161323663
63386365396236333838313962373737616135633865333339363437353135303763633864313139
38396161663433366131393135613835323831323831663263313332313333343733356332386532
31336435646161653532653566616535303462643166623064646666643239356231316233313434
66663138393333323733303266656166346536306463383362306332643363383766613465626363
30626136666335303862666231623263333163306534623433356531353363313230646632636632
62643532666663643066373936383830633461346435396135666563356535333836336266663438
36646462366339613530373134383632323164323165313933623137316366373862626265393339
36316266646331643662303061636337623530353937666437633131353330656661636430303635
31316639353639306561656561343565623330323864326633616363613063636666353631623964
37373465383963343533643439653533363438336637653964343764306365623831356437626163
36613538313835663966336666373666346333643535336434366663343265343763383533373430
32313530653264613936386131613139356537373262383536393039663764363239356530323261
36353434393538346231663966336663303138316436636465626335396236396430653266393936
38633838313964343764663264616564646330653864376238363034363737313835333763626364
33343366333962653937343439616130353431633461376330313938663939336433393037313737
64643132613730383335343461343737316438613839666262313735633531333463663032316536
37663931353761613932623433656239636534336532316433336435353264643630343338626662
63323763613966656230303064656230623766376666303134306438386337346531303461303132
61663561306432396335616430666533306165333537613139306463313332666562343033633862
37633338356566396362373763363631363439306464373135353364626137653335353463616261
30636333373032613364623962343930633137626434376435333533636362626536666136316136
31323637396337333764316663393963326362393236386363636632346665616333393936336665
62373730373231303162666461316133663065656633343733343964623033363331326339343262
37393462666336333533346638326566643334616536376163626532623334613636633938376237
63626132633862643565313534333830323463616364623163396663303338343065373066633230
62373464633337313634316366333562373333376636386235303838633132643364663864363266
33643530323564346638636538353366346534363232323861633764313664393634323331363033
61303934376638643237633735313361353739303731316464363062653430386536383361363532
38663734363438346462376130386335646365633030303333333036313563646334633264346631
63393062313163343336363039613331333938383934396338393361363862623532323361653438
36623534643561313037393738383466396463313236643330653539653235616263326161326233
33386630316637623466313765363534323765633133633232333031306162623233306439653337
38346230333030316637353632643235613234626437653166323761613036393532626437326632
64656634663839393633333638356236363963373637623835333661363439646230613461303230
32323236333231343230316161313866623834333130633365363632333166353364383364306334
38323235333836343531333839393936383535646435646231663137643665316366376434643538
65373838383366666437336433646635336535653737383537656466396139613966616534326164
65386432386433366639346530663733303166653931316564643830313038663530623663313266
65376131653630656433653235666665643461646161616566653234646136373635633165346135
35633336303836626432376639653566663566383939666262353532653830633330323261636461
31636363313735393231626536353235393433616336366530633163396134306365646338643061
33356337363933653933343165313563323335386162626139376339386537336531343931346632
35323837656163343638343961313963656132326262373638633739343161353062333766643433
34373565376137663831313831666331316135343432323437303239613532623262333737303432
63333430336166643330363239373362376539613162633436613030363831333738303961656564
32663066656662636332356132356665316130356632376431303631636362363937653935303763
32663764313662333762346236636336363138353235646432353966346262623362353862306332
33623135613865383937323934623434373065383562373331383133313231653164633730326664
65306231643338326165363635346635396161343032363535316530656566316532393334366566
32346233653862353434633235386237323736613434313366356434623631353838343262353935
36646564333263636639396364613031316235393230383864656463383961303739613139383131
64303234646635333532393833323961376530306633383262333436313135336536393966393661
63663931646137306336333937643239323330626262633461633165633839666263313033366461
37626461313563323233386165353564663366353761643065336639303363613462643262666539
66626366386638636131353636643133343039303737323337303833356634663661366435356364
35323661353132346163663035613139316138393035393536373065616565313433306336326437
39316239393937643637663861343039356131633462653636653661663737323435623765346236
65383963653034366133396463393635663961386263643864663433316432346564343437613236
64363536633461393563633362303064373164626138643863616639623262333264353037323136
63656164316162316230643234353035626265373939356335376131613232633930616138386231
66306538313764306533373638653637643634303838623131623339633336386133636239383465
65663162393530373661373163393562363935343931346638623432653934383661326131333736
63663932316238633636353334626132383462653137333766666262333163643638643466393163
31396539316134636433636137393864313732616330613432616561656531653039336130643264
66633233346531636339313730336338326438373935613062393235353265626432333433306333
63646435663864646239356266386436643836663630313636343531393565396639316234346661
33616238663836356434363738653131626363616431376330343033643766666432333966616235
34396531393763636331303631333333353038343436636231353435383832333062613766623234
30343034376436623830366138613231323437396139653037666465396532373330346636336131
64316633626536313463336537656165316664373536303663386633383365336130666363313964
31336463326661316163633231393739313661663263396133613761626430363335333531643133
30663361613861356561336239666138623539343162643464303531303562373730396634303330
65633237313233316637383663376333373330316534623430353533373765316332663266326538
61343762323333346166666565353666383339663262626661343465623865326663613936626636
35373633303864373662656236383330396238376433366466373865633131326132336639356665
31623563306164623162666265383738623831313230366637316332376562633230373734323433
30376166393066633732653330356634616439613266386136353531303033616139366339653033
65636662656639336234363561353866633365386436623536373039303933373661626162663939
33663765616634656231363637633031663231346339616230653632343966356464306133306632
62623937633637613430333335636233393166303530653938646161316539373238666630343430
62333435373365363332333733353437373561663034646363653933633438653135343463353532
62633636643630666461343436613239636338306338343439313833363066323834643638303635
62333336626666636539303732646364303537663061316130336665626264306539303661633434
30643635666632643864333531353337363239383730333434643637616564656530366634663361
30343831396234346538643337623433316162656138356666373534333830616533323762323333
38386234396163326632313031333033373866313066643835633932646139646232363033363631
61323761343031656137636431386634383535333134653335613734306332303531373431383038
39383631316339646534333537366461396336633564663833363735613035643636393134633537
34636333353637366562636666366236383065346335646663393265366331393266343439613933
66333432316335303634373038306166363863356537636565623736353965646361356663303664
34383338643834346538663366323932343131363638646630366338313866323132306631316639
38343466396334333334643931343639373665366339396531613337336132373337316561376563
65653337666532356139313666643165666166356137313039303033346535326332613264356262
37633138653036303465373763373534393433316266363338613964646637396639353638313164
65326638363630616131323231643166636439313261393765326466376462626230386364313164
63383537623936383934343235353439383731333263383966613531393530336439656165616434
37663265613231313366613338353961366439313535663236653335326431643239646262323635
30336638656662356638333464626134636163366331646534306230383766363430623536326465
31663731383038346139316564376266366434306362336164353564633239616261366230396131
32313733616332653666353264616562656538346337663661363038343136353665303863616561
64646465386632333730366131663264393466303736623832316165636136303465643633303432
33376561333064313835626566313438393466643231653465333430336661376531633533653735
66626639323731376339343961623466316136663035393238616163633430626234366537386265
39393330623662623339346163306434353666383335626364306630643030666665326237393139
65336638303338373737376238326662356232323139383736633461366239623231346563626164
35363135613864343766626464643562633861373434613232373864323336343562646264373532
39303838376637303538643432313532383062393235306430326633393264313436643236323633
33306465623262346536343263373139356661326634376662653763623065646132303737636161
34616634616138393366353862333831666365393334376630363166623465323538323633333331
38376265383435323234303061363338303065303633353561623165306639323330653463636661
32336237323135343231333736303166376466656637623631653231346664633433356138663864
63656464623163393634663066343939643430313063366232363130346361366465616233623137
61363433666565303835646633353262363335613061666538396565333764386665346266303536
39656532303762616537613663363962346566633434643062316162636434376331633738666432
65313762626134303839613232306537633739636530366636616561643133356363653561303662
33346138316636393735376262363361323761356532306464336564666261663534383731653733
66656261373537373766613538656534613766643064633064353965666137373163643930316461
37346231613735316639363230666437383633366537316433386164383963663232333336373738
30623532666534653163396137626265313161333234653531666561346135613861663630653766
65323838396663356463656463333930376135303765363336633333356231333865366464383637
37323939333934303464663631323838323565666661623632393338323037616536353565363438
62353630383932633337326639643463326339376563306333333230316534396237323433643164
32336563313032356532656536613164393530366336383530393864306464373231306464363137
30383636376338656230623661643934373832643734393931323362383961653562663363653532
37316133333934373333643431343339333731393131313261646635383166393864326637386537
63656464323963333536356131323761313466303063393565656231356564303633343161646630
30316365663436303461376363616635363466663565323331383063643139366337636233336533
62653362363035393137316335643030333664353065303739376630303633626263303430306533
65316132646430633761636631343666333833663039393266343164656635353939653233333163
32396262653638376138326464303265313633643931356562383739306134656233616466376532
35316234376165646639613165373033343061666139663433623165306133666334643063623664
62393933343134363935363864636332333939326438623638383837333635646137366139303139
32646230393638353833303764306131366435313137343830346564653962376338313465643764
63316430373462383238383432613737643930386361666262646464306130653535666337336533
66643962386338306335336266313135383635663765646665336330333032333661633433313466
66316234356562363661393537366365353530366366306332316463626132613063656331333831
31336264363630363065646437643339626234623932666432643163356536653965363830366139
65313831316131616664653962363533373662636162326632393035386361383537326663643035
66333932393165623166643834313564366361346434326166313066616635306462306638633434
66363236623661393935303735343063373861326263373936336366376262616134626535663165
36393965386266323761313232623634333239653637313263366362663935326266353962373533
66376261363262643632376364386436656262663039333230316561303861373562353865306433
66386536343837633863653266653163353633333630313138323834336361663965363234313036
63646631623237393630363936656162663339396131353166663331373762336139353532623766
64316663663766306366353936383034373538313864653331383839303737623965303332316564
31663866633236323363376361643461303539396533326439386430656334623031303339366563
38653763396561383063373739353831646135666331646431623363626434306132383130303330
61323831353330313864633831366331616437386561643638626262336238386530333437633266
35613564383038363864623162386261303461646238633332643136316531356539343134393064
63346665343836626461346634613065643062333638663631376165393963303431626436653465
31643432613033386631616433393636343239306164333136636430396266336633303866663736
62663530656130343463313432366335636565653033323334386464656339353664333163353633
31323237326364316639363065643861376635343364343236623161386439383165643930393964
37646235666435386639306162363032393736636231663562646431393663373266343134383738
36343935376632353637643737636664363739616662623162356364616331336239356338333338
38373939343064316664656163303563616237346562313764353731363564396361343530616166
39373134346235626235663731623037383032323238353539383732373536353439663561646131
39373433626166303861366363393965366435623836303034303461343737346331663231313731
32366465343334613131386636393234653331383336366231303533313739303263636136616332
35363037326137616661633532313735336632353136626266373565613363306232366634613231
32333437306133616430663566343265313464626631646633303462373534616430343238313730
30316439623037613462626633643362653536303337326561336662653030366239316365313663
38383634343137333665386334653437623037346464613164396465646631656665643532626164
32656130646465323530633732613261386263343664636661373231353038313033656137623439
66353266626664623861616437353437333966633235363936346531353936653631396331373238
65366430336265643532383662623936326132396233376461616236386139393464363265623435
33353639313861383732356466643836363133623436396431363438616437636131316634366630
65646661623765333235343662313438353061316563623135316666363139333732613135626438
32656330333634363062393066333066353830363835653237386361633936366337343765396637
30376462393431633631346334626361383964626333303130303263333863613661633934313862
66363333386162303964653132646330306162323639366534653136326565393062353062653530
62646633316231323637623736363730303736346237313432616631316165383330623638373436
35653430623065373738393237343735663361383039623438316664633330636631323837373830
63636161363433653132646435656365346262393535643936383534346332633032346336326465
30653232643964363462353932636465646462343536643264353630373436306430666163396562
66306664396562626238326630653065643035393235653662316366616566363338353566326634
36323637643530386365636434316465323136376466383665356635633135303764356561393333
36386634653839643861323939383531373961633835643461326335373766353665383837623239
64363733363732343138333166623631376432343761396165346639383664393733383965663535
64333732353063633833393730323937626330336631633665366662656537636238353664646539
30353664353863653834393230646531316337326166646330653065343237636136336434386161
63646266656531636233666264666162313966623236623364383063613566613138333835303438
62633630393066663830356233646534623862643862333938323834333963616665303166326637
37313930613135653032666633353839353665343662303265363235613231396535626337363862
64393236623631383666653932383634373261336131303734626431613537623563323938663765
62373162363664353438393439653536636162353938613337396466353666353239343462356538
38306634373738653032376233336434616465623866616633323234363766626366353238666333
35353962373762653234306665313633646466383732313331653536643232373035343863313933
61363263633937393637636231313036373336303162383732636338633262383663633365643666
37323431633665643337396134663163353139376534383066666235343931663765323766633633
66613964363464313435326534343564373436326161366662336665376665373332373662653231
36633162366534373739653665326532316337373738343236393635613465326134366339323436
61656634316438633062353631326165393061613931346265626336616363336462343266613761
63343932376665373835613030313565643764663033366133663765613634313936653262343263
66623332393931346130356362306562643231393335306633643033386462336439313730643065
61623239613834633364616534346633313337356535383064396339653766663236366437646538
62376438383664613864303265663434313165643732636132626135626431343864646437653064
33363037353363343730666138663661653862393231333364373537333762303265663363633831
35313863393064616233376632356433653466313430666630323661326136613962313964356237
36396632326561396131396330363465626339626662653337653932333266346363356361323632
39396637333863643133653763323262626463353636663965623034366331633465353138306265
39393165303763643131623631353831663334613637383066343464373833323736323937346631
64333335383435323733383431333939333439613063336137336539633039663434636435333265
35646333653238373533613938393638356139623830313630633433323338323530393865356639
30626537656562303835623133316464656430646263643139343936346165626664356566353331
30383661613536383632393033323137373861643536663438616632643565356433646637396333
31313566643265663930383933336263373566326534346334363735343464383634353764333064
37616364313361313561346665616337333435346666393465663333656361656162623535373538
65613166323664633835353135303937626239373832303333663738323832366166366266376639
64326430323739623230323663616138653561663232326238366161636435373533353565363338
37393831313366303466656533333033653732383865383136623032303964353732623536653936
37633030653466613332306236383437353437626232383862653332333039346436656231613764
33306561363566343563333266343164386631646334626562346231643961383332663930396461
64383464303630383563613061343534633033383933313838376630343761613631396636373665
65666436333034633038373533393532653732626165356338356136643436376464323530656638
39616337326432663536303037393161316636343865616562363263386465623534303731386639
64353139346532313035393965373839376435666531623237313634353562613437356566616531
33363863373635663130613731383737613633366337626663386564306261333865616530636464
32663066663061613637396566386230386534653338663239303434393762363662376466336532
30616239356635386666646233383963653364653664396533666535363263353465663566313761
63363164386261313330616566363934336263326364343538383838626638326131656634393563
37333063303037633964656436316430663031356462383363393833346534656661346666306233
34313939343736313261613163306639356665323134626366653438313535636364643031313331
35633837353364353933333764366339636431326339353366333632363336646134623330653935
33623837343437373066636230343230393366323561643465326562643934343332656333613338
35313865666534323933306639623161613938343835323230376263653939363430623366356637
33383333653533393232613336393766613531396638353735633465333762313230373963383263
38383131313130386336353133383338636134653337626461643231326138386665316137303065
38356631336130656636346634313236396334626434313035303461386531396539663731646231
38366231303230393962303165383539653762333132393231616634336263373762353837613330
65306633666436303635656566343863366634323834376566333066616361616664656663363338
31663462646535306361303139646262393461326530356538316237346639666465316564653932
39623039616261303063656633313835613166323262303035373038346234323231376464623663
35666232623830626237623536306135316532653234323861396436656361646337646262316633
36353364663635636437316562356361336132613362333333323733636339353365666463356437
34386564613066353464373539666464373835633934356565646538653930643737346662346537
32633738363731643861303134643364346266613835343965376137363564373436386464336135
31366665396133636230393362326437613766333839376463326538633365653062306261643538
62663366313934323838356639396264316333656131646666393934626134353933313334396638
31316139663362636239643366626465383331383734313164343064613962646365313930643037
65616161383136616532626263393739626432613862633561653430636563666333396537333231
38343364623139646138373534656532623538666130366339346464666166663962363834616337
31646638633131373935336465306434373537623361306430333332363233393765396536363134
35386132633362333961366465653934316436656438303666666463373031343337326262626531
30353864323436316362363536623062383764333565316130376666323739386430616262633037
65353439643234383161326530656434653437633033643064343331303237343163356666616531
30653930316338653738323864363531383166383965653437356563333037326362343534373836
34316339353566363764313233386335336632386631333933663735313633303738326434646332
34323935303166643033623632363461323632643135303635623733663334656166326137393761
65623732386236303062613833616532353962356663323265323266613662666133666239343234
34343637363437613035393235346333663735383630333738333564633931306438383630313561
62373238386666653539316330666264643936343432346439396437386535343438383663313464
37393533636138323738613339343938663962353564653661313837376162356134346362666633
32613166643531613930383634303436316331623038616562323065343466653536643536353034
37313539623533663363383136386136363439626265333539333837316230313339356534366332
32633737376636376436323364316334616339636263666432666265323933373134313162346132
38363864383436353238393336633430613334303637623336653535616261303234663664323362
62373935666538306665353664303830353231373239653461383233656665356334623934613439
38316430333733313863336636363962613832393261353436343230393039373139333863396337
37303065623832623935376363303737643035303466396636326132363232376330303234356265
35653434633030373763623435303061383534616639366536613336633464326164666638393961
39343765636433303739383038383132636166313662636266396134656562373465336137613939
32363731343766356331653166656637643234323162653462623966653633656233633062306138
30663938346665386231306235643464633965633331356265656366353565333337343935666635
62363363346439633939353735373736643834363661643766633737326335373739313762363263
61386439306634623835393939343631363664643339613565393430623366346465333634656161
31613365333964396335336231316233343237306639613832306237663233633564313865373937
30383339393464303935336234333837396164313237356539313566663134666434626135646263
36666131323465353334326565373731323531663166636136353839386237316139336431326461
34626137353430366139356336643563646433363261353737613232363863356438663335613865
65646562653865313163323632326431346364616562356639363031343233303762386462323337
33613739343231653736656237666265343866346465636564643330363139656434333737353265
39343237383066653739633833636532666138326435336435373833613665313363636466343936
35376439613331663835613439636463663366623266313638336165366565306561323732313862
32653234303063343531323630336636313738626633386230333961353337376161643933306130
66353838306439616266366433363034306266643364633132333764303735356538393734663730
36356332363665656336393137323636386262363436326533356463396133373562626239633233
37333161356565636166343430373062323133616637353265343965643437646230303536383239
32396166656565326331663139323461323636323233333934646335313231663434303866336334
39363262376337616237656138623661616436623132313063633636323135366465386637646535
65303939303266356165306135353630346334646165663238613031323263323163636332323261
34656532613130306636643564373766663064306630643338353239336466633762623932636333
61306236653134643133343032633434323632336433373262336637386532633539613331393032
64336537636634376265383664643135626364303164316536353432666639636534366365313936
36633531633765633339323063393038613637666162656465336432323335643662376162616233
62396236333966633834626433386263623862313838313062656336376235383866356164663233
32633238336631633732366238303530386461356465343062356662643162336433663731643166
37303331353466343238356434353761343862613761663561366632323537616334373435333639
64393435653335356462363130346632326564363366316136373762633635383539353236383733
32376366613632306365666663626361343137336263396337663935623239336363316161376239
38316231633661353662336266623139373837356262393562383839343030393337636434366462
30646232326238373635653337376666373034363261633332306366666462376362303163393366
33383136383336346636386538306362363832373732636135343438356463353335363833663532
35643465313133626337363163303562663531626633633963623966633762636337363037393464
36653434666262666132336365393937306263313031646632323564393461356234316365393334
39336135626532383766333631383430396238356261353066393164333331616235386462373030
62363236396639393031623363353830616166646664343566313664366266613566303766646236
62663433383331383139393263396135363232323837316237366365383135623862316466633632
30386665366439373961363737333265303336663762313337353366353534373162636235643165
38373237616464326164323038356661366365343964643132386534396536336362353431633938
37626437613433666330633135356134303232376238633032333437653864633631653063353636
37326366643835343938373632636530356465633364646165343763613664386362336662663533
36646530646432366437346666633737313232376639623430613061633231653032313136316631
64613236663965666462396232323231626330666331323931323163356161346530643063326664
64663639646666616338336261316138346533653738373062376334323864386431633233303033
31376434623338653261636661666237653637616231633364393737346336616463313134633839
32353966303636626465343438616164663561613431613466333764363435653933346161663035
65613730373936636266363232623362613232623764393761323432653139333731333262633263
38326566636135666331623439373839316130313235636666353136626232323465316132376137
30366336373865623364333937383164626330316133343932623066313632656264343337363039
63323232363730383439346537343332366231363065356662613831313836636562363337643332
62326433643832346664323831303536353961363532646137613638656566613037636264373063
63333762643433306633373661336136353434326633303433646132346635326130626532336365
61363163336630636437323162623166633133613139616263636365303064633636363062663633
37633732663562643561353563333830656461376539623239386165383162303737396161613232
31333963656534646234373563393661323165316338666663643162356635373162616538353131
38656338333533396663346132393833613761363963636237636564623365396561613834623537
31613736663631653038636661396463303639386531613766623733656233336633346633363163
32636434303065303966646363663364336363326537303237373762303734306131636164393436
34356361656536376632336630633337636364306637633038633439643735333136313435653534
35343130646435383262613834363437636332333033376433383461376531363139326634646239
37383166353031373836343132636261316434353532313431393361616132633938336437386666
33653030383136656631396639313566656237353561343161363033306430343031303265303461
38643665373664643961326466343934333937323962383165633732346531346663626638383930
66656365613532373866633939666635616565383764646166376462303734323162613562333662
37343464646138626266366564653933316130346631626339663930306665636665316534323034
30333166613135363634306336346433643134323431633934313631396562633665373461613433
63386433643465643666326133306463363063633762393535323366316535363764636662663939
66646536343531353835396230366664373565326539323530303531333435663130623633383530
35383561663266393330346166633436323439343237326665323862643364623535353735346666
35316635313234363238633464393037646130386261666662666338356230393736653063316139
62393861643733353661653335323164306263353436313064303130316164373032363737636564
35373837343631646637386166613233653836303264383535353733653264306263356235366363
35616566323963323161323763303636306132653339386233663339356562633930363064626561
35626230363339393962373862623133643564343033333434323730343065653637326631383633
32303163323463656430636537303033356331636637663135663035393263613139623765643130
31623635303035633162333436333930663766663262336564313638613363393866383863636138
35643366643362353934666363393362336535356662313738373631633531336666653534316335
32376637363539373163323537333931313834343261613738373033313535326539306637663962
34313032393736386165343433666138643261393730363162373862623530653966306230613738
32346636623235623934623534343836376162313339666565376637666162623861653230656337
39316630643761366331653364353365383839363764656539396534386635356133623432336137
65313434323134663361373139353532623937336539356564626530376336363863633365366439
35333632363337643063366138356232356165356535613934333366323535346163663161393636
63306463326532373235343064643763373737356265393139316231633863656463636664303238
61333136363862613930396666616336643631313238306538323430323066383835363763383137
66306163306437363839613333643433363532643835663033616635353332343464663963653333
31363138303531663836383065353030373833336530323033653238643635383933393239636134
33396533346666306136643433626266653738636366663738363536643132353564663261356630
33333566323864646630323639613536636365666262363665333264653362633361383935383061
34386133386533633565326437336264316631346534653063646136386665363030333966653663
35646662643531343437663133326638323834363639326266323335663063363430393161343364
66343039376634326331393533373165356661376536373538633465633962346261363736333032
38616239303062343231393533363666666237363433616632313934386135326234353032633631
63323633326237653730356634343637343163373634636336663838383630653034353236363636
38333734636639626462663337663961383738306561316164336633363533663965373430343662
39393933653963616232303930643033396263663063643236323635663163306362333737656561
35366532303334643130333466333339333561343534383762623736643162323464373965623063
64633838376633343362313032633837303630306562393566316534373661356662656439306133
30386661373362313066626538623936623931646665333066326261393137326434626131376163
32393065616161643530346135633033613462613063373965393035383265643531383361653862
31303835326534366564366361336161353131316434333530616335613630623736306566363937
31646637373538336564646336323739383264666239346633383365333233323666393466313531
63396565383164653762383966653962303063666231613462626632356163653865663534326630
61613438623130363539633265383030343838623839623365386363303764353831353765333038
38663436383164373437626636623137623164346461306338353834356666626365376637383664
32643163623864393234343034383163386232626532326139656236366664386436353731656661
31663731303162666664636462333330666666396364366366353832386233646236323062646532
65393736626563376139316239396330353965336266646362623463336638373963643763306462
65666238386634646232393135383562363737383534646536373934633465633962336338646633
34353236353662343031366139333836663162363339663739303633363439333232333362633536
63656139656561343362333966616137323539616537613339383231626364343334393265653130
33383135353563306132646438636466323030313964313636633630316262306330663563643330
64393765643765383963383134636330633266366166663831373663336663393038303063343839
36363136383764656430326630363465626435663665636561613930376563333761623935333939
62663931396632373837613134306237626266646466343332646336663636346161666665666538
63313234633831306534376631636666303734646630623630303462373639643332633731323032
31316230646434393864333937313661386239356438396638306230623266656633353838623066
34373266316266333963366336316433616161323534346230343136663436383731323832316439
32336335353533383431353337663137663439346462623738326362353436653236393730666264
34396661316337346631386633353764333163653161313936636538343666353631393466313964
34613261316238303261383264626431376464363534363861383734646438656463393032343064
35663938323461393737313936623966366339613433373566653462393164323662636331643463
33393561306666313063316230383237383439303939353334396631376661333866633130353566
35386634393836386133633931343866663435373133333039636464356263393534333336666639
33323735386665663034306565623235343835316234363735613331333636653931323434363338
65376235363162643964643331373863353738363863366439393831636166383933383834646139
34313536343164653765613532343363356665333862373135396532326333656136636539306661
33383237653932653266656132353037306636346530333439303330643764643266636234323234
34653838363337376364386663376430343865663731643666306264306136636232636165353731
31613735643639633239383731383831613232616337383966373732363837373032336335343064
31386366633037303366653164326337346532666330376239313539313739623132393532313435
62336239633437633164316633626333646333393434643761306430623833626562373333306331
37366638623731633237646664616637343663303438323361323263363633656539326534353738
30373063336530373033323864363936303736633031626563393365646464613832663737386538
36336539656432656235343062383430656231383030306131333036623836326339616235393266
65666437373039636531323235373639366631613131393738613131613739616364643237623137
37353334376461653339323538393239363461333164353835386666646636656337343834323134
62623061653837623735333336333664613938366331373637363935343164613864616661613931
35313334376137363935663033383262326266386166616565353964353336363330646138333937
35383963363935366439306565333264383366663934393561623636633531313630623765316230
61633961323238626538356337646531383862333064623761383235376232643235376462306435
34353538383534323137383136346438373166643832343134646335356162303066353635663439
66633337636235366339383335613861303735366239623861633531656633613735623535383566
62353839633238626235366338383631643065643463633032353431393764333666626464643764
63613363653638343232656163613732393834653166383964656562363965353337313238643132
37636232363733376638643230666132396565353435616562653039333065353734623839646531
32313063653461386535383033386363656230616161656533316338393233613930646531623465
32366362613763386432623938636132393837333338393631366331636338376161646432643466
31396131613365303438343363333464666233303130663037613464326133386634383734393335
38306366636535623532343964373962366332613131383137363030353066373233376566313366
37373135643634396537366161616537373932303236303032333139613735346561643266316464
61343762633634356166643463306336346566323732373734346634383733303733353134396234
34666439633836633031316161353336363638656434323133303266666532633035663234333939
32343830306664323634393437663861396336386233623161353833333761346631633139663139
62326330623034663430376138353062643834343564343231303733653539643535633064616165
36333339623135333365343566393264373531633737326334343066633836616432623561633537
63386665303632366664656535616232626464613135643935666634346336376330376238313637
65663734383932313230316435636565396165333837663635666165376363663837303737643039
34636537313236623766623533376438333263393062323235626236626138316532643038373964
61373038356465393737326532333464653033663330373363383035376130656563636539303061
39363637363932393764373362636435383733313637356133313433336361626531336164323939
35373632383331383831356331333334633330636263633764353738623366323031613064376666
65333436383661383364313164666531643761663865626532366561636634313064396539663965
33623964613765643861373432643865313335333866613838613361643933393661323833626162
63626464663062336235396338393134646261313766333961663336396533393361343633633863
33316361343662366466323863653134353339393561303330623537383139333630646239326261
64363937376264313165616634613862333436343238336338316639363466373131363265356262
33353431326261316466626166306439653330643862326431333433336133386231623163383436
35626134363263633831383834633864346436356239636430666364323930633765373364653762
62313636633965333731636638383839613238363266643036356639376337323263633464326539
36366165613166616136356336396465306366653336623266616631666262643065626234643166
35323936346465343433346338353132326263633635656132663137353039623131366538353830
66363865393537346132376534363037393233323935306530396164663937653837636432626464
39373632626530303837363333323834333866666437386336653631353732393863666334656339
66316562636365616637306433396233656339363665356537303163396563346461616531636239
33656437343433346662653136613264333534333631616331373538303162363464646365616333
32666236613563363635376231303434633939366564626237303037366236373530353630663736
63343531363736373461646637323538316136303037313563356134633432396266343533633438
37383561363864656462643637616666386330373263383835636632623939633531636238326332
37376335666530623765396237623239616265643134656437636334633037653064366463663734
31633639643934666532636132643663656266623632623231666662656638313630383636376432
64363361326466336230336565613462333135353631356237383332363635623863646337616130
31323965623133303166333938336138306462646265626233376537383530633637313832376163
63343436336562353065373137386231393233383632393936363635383238613938353331363062
66323431323364363138656539346263313961373035306239613138356437326639623738383730
62313864386535316464316338323939303236646136316536383837393435323336613432323636
32373531656637383233323963346135393463363439663562666163306461636139306633303561
36383465306135386434373564383161636363643135336663623963663166363036343035666365
32656232386538356565336166373436303434666164613865653661333765613236316436326139
36613838633163353332613939613134663235323639663231343763393366616237663162356434
63666139653435306134336639646539366565306638343539353063613538326538653135343633
36346334643362353738353062656539656332313864663232346331353964343938343535613664
30626238346261373835326436353864613565363233323231653664376465353537653865336434
37623035643261626265656665386361363636313033636265333830646333626533326665636135
65346666336232663161323061323831613266313633303164663033643136346335316562326561
36663835306434653534343037633330356563663262356232386661646637343934636636396362
36386334373266363363653364316237313038336136393033316639623863323931623939383661
31636266636565383831356136636637613931663239353837393966326461373861313636383635
37323365363565663234613565356238396637353331646530613165356438656565653636346530
31333162333764653764376532646265376531346635646362303935366535393634373337316465
64316133313163396466373934663962613535633932306639633930383762373633383261383566
66353838633139313666373464653136343037353666336635323332373731643832653164306537
32396630366561376365336237386666366230663737643834333537343335366562396466316364
32613135356661376333373031326436353234363039393639303336323933633836363164633935
63383333333836363638333236366232363166643639653932363066346361633137323037623935
61356132386466616263376533643362653965343864376463333139333330616261643233366133
38396238396166623864333963613165646563376561653431636333343964633736363636663033
34636531366664373634386236623666363737313736396137343638333662626561383636636333
61656136356166366566333534666261643232636433636464346235366431626139656537396233
64353034663135646232303231343239386163343466326338663238616662666332663239386662
39386363346332306663366239396262353064383963383932303939303633343161636336623030
39383032303866623931623836386266373362386431313161626135353430656234386366386564
62363832336235393737666437646338376436623531643532396165393632363265336134363661
37663234373531656265326265363666646162363038393261376663656664643838336165356461
39333638663530653964326465633532373066386437323135323639343662396238353364626663
33373733306565616132323131383436623832353562303661653363323065336133653636366666
37616231373461646533313835386565343235633965333363633237656335626538393664303838
64356231363966666663326239663336303732363965633765376636363362393164323261376235
65363338303437393731346338626134663935363035376230653864376166366566303835386539
32383461363563383761333031353362303762363865363165326431343639303064383865353131
66343031363463616430383761653461316133386261373731303634663432373366626636333266
31616563356331353463373463376433623264366137633361326563323939383430643933393433
61303332353766656136333265653732643466636531623666653962323662633432343838323761
37333566313236313330626331313162353162336535383064613664306366383838396234373863
36306263323135366630653130313136666135333936663438633465623865643563303534343736
65316239646266633761633165393565363565303530636639343031333065396366313165363161
37383162636666313833643430363233646636663166373331363761353062366334336161313537
35376133653830616336333031346430326439356665343130613933613434373335323262316464
37653766666363633263383961643134363537656263313465306332323463313836313837626164
33393766363938336133333439336161353436356237363134323864326537303230373064626363
64313263366263626661633663656461363862623164353232643638363930303630363431653432
63316432663961323333623533326430336264616231646136343933306235623136663963313066
34326432343365333335353839643136376638303430663162616533383232643134396561303334
33343733653538666234633964336438303834663530396364346436343831383932313761663233
33623633663966366138323563373134303263666537396130646665663462366665346135366631
37633530633131616334356362383336393137313065306264303537333433366434316664336330
34363063653365646265653262376134313366376335646339643237663562333661343639346461
30306363646439303435653964616561353130376533353661626631656663343134343466373564
63623436646436316265366233343463303864356664353231613736396137653735643062346237
38616136376635356264633633353663393966613965663239366432613639623632343531613439
30663262653730383838643862396633366363613137613934353534386130623335366133393063
62633963336437323038326334356261643862316236393738323163366136616664303832306466
64353437383162383466653265356331396333633665643466656433366135663333663062363531
65663438323630323536346665653966303635396631326161373339616262353434306463383165
35356638653134616133343765633565353464333164316137663637323665646139326631313461
65383138616535323536323730633866373864373737626332343931353064316231393834393132
34376338643063613064356166636261633932326432363232393461626339323861326332663739
62646161363631643837613532646565653833336537383661366463646539643031346539363162
39653438383537396639623930646633646630393562383439333562373432303536316335383039
37323533656431666630306638393864386437316561303565336134653934356566333866616665
61363461346462653334613765303339626565346633346336393462636134303335343736316664
63656564313138373634316139316538326638373734306531663863356535653965323966663435
33666237613135653434613435363661393866386439653539373334646464396538376564303732
64646530623938643163306530643663353365343838303430343462303466323537613739666334
63623837656230343563346232393661333935323063653034323563383731383330653736653335
36306633663661393130373262316536633131383637316663333137336635663430653535633038
30386438353062613133303933646131373135353137616532626336353231373232303466653036
34666664326662633733653037303437353764313236623231393761643465356237363765623966
32326261356134616165353235303233643238616531643563616334613231386564323134633462
35303237303962363135656164633165333539323033343731363534383066303365366363383230
63643066356136663933303363333639643730613530353664373261633763653937633432643238
63613361373035356537653836383064333261656264313463383862656261326666333764623731
34646664316234363634393161373235386666383965623262336333343464316631376333396465
65333939643431383834303034306664363831636361613433333737386433373232306461616265
65356336313962383736633334323837383534393937386634626633653433613361663832313466
64643539353533656561333563656566376465346564393330306364323136333165303337626138
64653765313331303536336439373833336362393162346261306538383730386564356538346634
61386132623338353438333631303135656133386634643739306363313563623635313438303236
33343039333636623034636338633836633766346164323661646632323039326262653236326535
30653638346637616536373432323438333331306537316166313038323037373662313562663232
35623434306634643964616562613234386666663731363331643336623462653230313231653639
64663139666665353931343631643130353063386230323037376232343138303333323861313961
61653863643261393134376465366136663962343261346234623735633034316261336265353938
64646131343365346433383931363461333561326263363261346563383763623537346433376233
37646534346162313332646264343262646161626639616233666636623638336161663630386331
62343662333565316336396434303234366339656630333839666263656235666434346162633837
66623330326166666331373131636461336133393764623530376563353164346530333166343466
65623663643662376162316263396166623566303232383231396436626635343938333963653136
34343133386336326533383662336438393566343134383636306631646539653433663562623061
38646262626235343866366639313532376135373231316338316339626135393563333562623837
64373365623265323865616433393334333266346665396636616133663565323534356337346265
64383565633335646462393936333639356335323135313836343131666665366530383261373236
36623666303330313733646165636535313338646664363731636430623837363161323266346463
30646362646331303733626666346336643735353564336136323836363335666333313730316437
35663237663164636135323562323730343833323230396537373461623233616266373437656537
66393531633938333432396130363738306437633763393639356562303064623732343730616461
32613434373961616137356331663262303461373361373164633133613538623937303464646434
30303164363134313030356437306139373862393166616437383730663734393734336363336561
35393534396630656566343230653962383361326337653432646639316265373336616164623262
39383637303030323331386631663132383831303835303661393837626461363033383861353366
36666230666633306663303638303036326664316361376538656632353866366236396566643833
65646532333634353034666436346136373132646463663734396263343239316262616439346562
30333736373635613933623038653131353661663561636138303439383965316466353138363161
65366166383464376230393236326232653962663835306130343465333130313934396365366633
66666430356462366562373030326463386665636365393665366235343563313861666638666561
63663932663535613661313238633431626361333930626536353562346366316536623465336639
36313962363838306539323435393132393232343764623032393461353561363966356366373037
64623936333838656361303837343232353338613033353463633163626131616438393366646134
63366134303135336436643664633731306132623531393637646532393632313733373363383664
39373533333063396362366435643632373563376432653031323635303662633665653330396362
30663038353737353037633532643039613433353964633266663633396632376232383666643133
30633138363939656462356133613666616161623062373062623831666633326361653538366566
39383564393839353830393931643230623663616663346365646561363235613439386231376533
66383234303565346133393365393266663862326336663362393032626437393266313833636638
62313937646665633766363938643235383536303865356634616165313339336139373930303338
65373763633936366662393364373565653762646266633238346638363365353437633463393039
61646334613534613938616263646235353931663331386537656262656132303163626665356638
33626463373961636539616538316366313334396133343161333564353134373462303032376262
37393536653663383866383239626232633331363639363361653132383930376339336339313936
31613561393561326163373237396233646233373632353533363164636630313634333331333831
30653264316433636631353133336539306161323766323763633139653434326539383663343866
33666230663536376537633639613534376536323136346639313766393361333737636135633338
32303361336164363866633964653838636331313339333634373230386566343832643264653436
30343731646161343336633734386562343361343034303233373966326536656639316135626437
62356138353663386531383737656436343561346361636533366235303565356663336262343534
66636563663065396435636131333863623265306464653934646630346565363039353334653038
31383564343263393863336632316434303630663735323639633139346163343730353463626237
65373739663730366263336339636239363561363265663338316430336466356237396236643034
39623463323638376133643437393435386564366464303763333530353062653138343365666335
37343865363637383036656439386334316165303737313435396562653839363339316165653066
63356164383232363532386462333135363234633239626465326435363039326564643264623234
61343938646462646163373761316636353664383133376566396537303933343161386364383462
38393930653730623963326466643530663764386265373135646631346264306537613033653833
38396664346562396164316634613464396539366263663436383138333237316666353264623437
37376432633631616632333736316330646239623562633831373631373031616132313566376432
35343835646164613966323565643739656265663233643337313566316638613533383537653131
33653131386632363239306266636238653838366165363233303238353233376532643234346362
36333934616664366166656337366638343632636334383666313135366162633734666464316134
65663831373565346131326466666636316238646561393433623664353730633365633434306631
34363038616230333965353633623831333633643864393563623266626134313835393239333137
39313239613066336539376661653964666432313162373464313236396630656462323430656564
65663535643232663066306230646539376439343566336239633633643338303534396630373566
31383461373332633239653463366363363636303962623430316634363262633166613434326232
39643632353037666262356334653935366633386237326465366239646361636362303335356464
65623263636538343136343831323766656235343234636234376661373465666166323930633938
61633630376665313731346261333534626431396436623738323164653633323930326461366535
64646464396162626163383635623437383566656466313465346561666334346335613833396432
65386538643033326132363462613033316538616562663534363764373166656465363436386630
32393763343364636466316430623666356162323965323964646530636538353536376461343961
66613832396234613762343464353932386638663063653061333766656436613430313637626536
65366435633362373061643364653235663237353061666631366639653431393363316162623933
36666332373662323066623662623935366161383963383365636533646361376531653338633533
65623130623463356635373533343566663066626365623138633430646533623837653837343032
33316532373437326234366361623564373533306366323365373063353437643933306238353439
32366261643630336437393066656232646161653435636664663163346638666230393364333036
38636662363837376632663636653838363133636331626461636335353639643133303063633338
35303834656162303336326265646538363436653335323439333230633437316535393166613361
37616637333665323932393365396166663734313562366233306132363332303663663639346562
35616535346336653966373664396362663335383736363663356530666234323333363465356333
61303939346437306238
