$ANSIBLE_VAULT;1.1;AES256
63373131336237376336353238633566323665333632616338343934326234303663613239383736
6134663930633939363931356233643330623966383333300a643937653964633336313232366538
37396164623565333265333963653065303132613961636561626561336163363032313233323637
3563306462666339310a303066646435656337386561363638396334373436376334646162396631
39333036316131323035313635326562626664313830666134653130393431666639333939633936
36353930363865663165633064656264636332356365346634663936616566393863333563333330
39363963623266396139383562323965303864333765323436626465336331366166393432653462
30626636353964626462663639353666353836366530346661653533623735386333313730353736
34653333656433373561396232643639666164376535333738383138643938653238653362656630
33313239306431333664653132353733373931643639316565653365356564303834396462656237
35383864376632306333333031323434366230666339613766663263303864303535346531383964
62643232363834323462303736653666333937323438626238386539373262643639383566303065
37393130373763363762646438326333393833636264613934366233313437646237363464663332
33653665346433633062353964646432393161613634313234646462386462383331326663626332
38656333316538666664356562323737376135393333346466616262636432376236396163336137
65633031666239636166393665323637653563623034663838366530666663333737356130663331
35613637333562333930636434316234323461613261303736373136376630333939303138343738
32323034326532336532363030333437616134363666313230383234303733373365353965343932
32646136373762373130333531393735373536316531336332626630613664346135383434613736
35353339626436623531656233376138363537363561303334633761376361396138303930626161
65333633313733316162656232353134646337363933356533383533336332633835303662323565
65363235336530333435643461373439333231306534353638323265663765356538323438613637
38653663656537343666313639646131633566343237343136633138633762656633636430373464
64653130386539353563633861336239643835333931643331653137643031323433646161336364
35643163363664313430393333393463313938616531376566633139653733383234653461636338
39383364663634343036393035663763393435303739376636346231363237623166613731363034
61303736306235326138656330623535656231383935636465336638353562346533393261346164
31663534373963313936333964386561343735303034316638633731656132396533646130303238
66663137656363656338646331666464613066356230373135323037343730386137393731636438
32303535643533623631343139656563373964346134363531613132636165626532303530646632
66626462613537643435376630646634623866363162613034303136646465633164653638346630
39616464323563366338383837343064316535626461636466633931333734626338646265663635
36303465643430373762306537396365316531643762376363393038333962323261323563623564
30363937383266393934663765353137333931386239353134373666643166656234333133643837
32313335366630633035633739376535616139326563353038313266383661623935346135666435
65393966313633636161666564373261666333336466303166623564316137613736323662306164
66376435663866386438353965346431623261633161363366653235333466623936616532323461
38393239336134333538326433353832373730366332643035303838346462323139333339353964
33356238646537313163383364393533373437383636303136333136366363313531663632643065
36393265613263613037396362336331376166613335386163643937336232633031636234343132
30303739336566383162373463376133623536383530343862373962313634336462393739656536
62623839663539643238623532346331633563373262346531643866303162643762373936386432
65383261663030333637383066626230343962393364366538356366323434373565376330613537
66626239626161386432366230333931613738633139656166356333613261316435643932663736
31313633656566336461323330396636343838343333303266623939323538306635333165616662
32643237663532623736343062333362303737316463336561653936313538333661633765373239
35323334656138383638663539656139636637396633636263643162323132366136323231663237
32643661366561383836393838363838396632646233373864393038313938326334393633663237
37336230336565396261386438316461616466326162376237666461333934643063313565346164
66653232353561363533633231663036333237343063653066343037656564366564313564326531
30306235656538376436656661373931396563313561643261313532396663386633346364303839
62333430323864383339626639323933656132623036663466333638333763643832313734313235
39616136646566393633313435383830303962636336306334616365323933333364373661326561
38393834356166333037363536643163343836663163326138303936363661313563666363633035
63353238303035613264363638613036656133323238386363366662636434666136346262313966
64336166373734393462323337306231336361306336366665623765663762643932326338386131
33306136643537653937366361373263343136666630633131323962616137626533633232616130
61356562366561353862636262643562386462316631353465393664373030623436656639666439
33356230633966336131366235643833613238303661356262303037383630306163663963313165
35336639383965326561326463386161653138626233346164393766623535393333643065373333
35326635643333653439346635646332653831383939343932656262616435366632393531343831
33373661346461626266343534616531346438643932636539643333636362383532646637393161
65313039363638393464386139363432353135663965383461396664653631303930343831313766
35663962633565646166333234643637306461303230323134376538383563313665393236313034
65343330623338393862383534616263363265646338393035353961303565353036663234313438
61336230633365376262343861346532316365636437633632656134613239333036313736306338
30656331633231386464623437313635386565323532393865303938346265356136396330366534
38373933613832343138653334616361663536303566316266356464373334376165613666623466
62613633626163373264666263616165626434633138393236346364643436656431396266313635
36396461306466656130363937386232653261363539343338646535663537346363333064323237
63663961663732616134646661343037323639366166316263643133303861316132343134653033
65646630363661626336313034646636303139323762613834383933656539323238333265633630
37366339303539623263386531383231626566626439393337643665333162643463373364393264
35316335663139383934306137366635666530663930323437323432613330373564613930613337
38383666653161303532656131643237616662373664633030386465393333663263393765303665
62613062646330663130666561663833383933326636353466653531643830613865643538313162
38323961386565373962356237313431653433636565613262366163636432313231626437353130
35303733353234373735326138613432343135363231323237663732336630376265303739643262
62343339346134313465656566396538633865373266356532393136646466306437386666333261
36613934393462626362666664313736333262646264626133383739306137323037623763336139
34643037666662363634363332366431616130323234376461656232313265383630393365646532
62653362626637363639636532363636323236356530356266623465356433306562653636623533
66666563353261336532326565353836316535666538646161613166623335303966626334663534
36383032386462623365363138313330663063626262656433633138386661383639386132656564
34633232313037626532343838663166383133316662346366383135376334323938333062393736
61303338623239353634616639363863386237643934303766336363336664653563333935616262
61613836636634313630393265353438653861373239643861653765666639383766343636663935
63633638393534306662353832636166303530623061343066623362643738343562373631363666
32313931376134343431373865656261343335316238663231376330356163313662306165366562
66613531346631373339663563613031633037336134663836343932636334386137393963306236
33303438626166633865323330656664653363336539613761383465633035396661376466303233
35613562363630343534656137393561663134373061336264383966333430653062623430653638
30656634306430616231303630316261396335353433636138336166643734383264303062643538
36323266393662373166363139653538336265626135653238323236373263353066353034613034
65373432616166633539663164323736353264323637623135666663353534386638626561386638
34383665313336656439623766346330363165396438313536303562313564663535316338663165
62626163656133386561336536353136316636656336373736313861643861396131616161343261
35373431663665613964376533363162343332303439653364663831316534323461373633613134
61326636363734333131623236396164653434646135636630366333643866666633366437363230
61346135313036383764616130653864623436356533343830343564616435356532323830643166
36306165343131373466643465323131633066383431633636613566336134623166333232313032
61633030636336656430626532376265656630623231643765393437316634346365306462646263
61303063396134626539623132643037626236366366333062336436363462323362386133396333
31656435653361626461373832663934303239646162353464343734383432323232613539366464
36346436343030663362666632343131396633306364373764663636363030333237616137663132
35393131343533336437346237613161376535623537393761333134383166376137316339333362
65316266633262316561613863336537666263316239386230353234316365323831643564646233
65396465323163613266313736316535343537363131306634343636363961616263353336363937
30336637336666356336346530353963633130393335353134653964396439383463393266383330
39663539356265616231653035613339316531316438626438326131313433383433623337343930
35633035363132373935633039366234326336363633653531316161363934666661363364623335
30653432306333666465653334646638343565653961336131373534626431333165653932366639
31626539613564393337326166623865656136303132623431363936383538353138373036666436
31333330303738336262323437653830653730333538333437393031386533353461313663333133
31663239393330333932343130666536663563303966326362373830326534356134616164333536
30383364393538383363653735366663306135643133323461653461313363353461383539376632
65633666343837383933336265353562393764653537326263633936383630326633363538333038
39396136663362323965366133653762353466313631626535316466316162616462356333383364
39366665386464366438616665326134343561646631383961646536663832633939313838633763
38663561646264343434353536383731653738323734383535366631373862346237346238623439
65343734376430303339623736376266316633346463313965303436666465303337646261666132
65653861366232386464323533313139633765336130616431386262343261356237646665323766
32656532393537383761633636623330326663613531333064393234313438353738636332646134
64633466623137303362663939646263333336663866626663333066643966313436626631646137
33633836663666326333316330643838613366633139646639306134613061616263366435663432
33376639336437353062383066343430623239386535363431333164356463366239386666393834
31333135343837643537333437373936656534623465626230623335633566386364323662656234
33333538393664373535643237626430323437336138663437323433656366353962633338356366
66396364316666333461303262383333626463303861353639303938396638633732623062393230
32326132383933323935663534366564333838303362343535383561343638656162353934383133
39353138333136303830616536313965343234656137613363336662663539616431336135323735
32376334306664636361666234303038303862373631613964663233393034343231633965623538
33313666313566316138373163373063313236313437306661326265636235313234393161663431
66346466333138316531373531356364643336356536653738616163316133653463376265633731
34353265356138376564663332623666303130626361373865383762623633323465623639616364
38636464396535343933653033636636326661383539646331656365353538613039383863353131
34393663383032613663313833623837363734333862363936613963313136653764613935663931
64306664333733646335353534626530633837376361363732386664656232363737666265393137
63343731643935663631303035396536663664626563646265323035333561323262373239316538
39623938653635333537653737313464336630333265353862623830376130623335383264343235
33613131306437396337643565646164643536656432303333333064623063336165623066666566
31386331346162663663663337633034363163633932393535316634323935316264663439373938
64656462616536353930356463333263623430383032363736316364353134633330396564343466
61393132323462633162386134313034366264643162346466626430386265613738353162323934
36643335646335653561646537613530623031363666313234313638656431343638383065383132
33653339626633396165363064316135373933663234373739323662323335663730616463663032
39653838386234376239383939613266366239353862643366666231356365636664643036613963
66323265653762396238393862323062316539373238626265623863333838373632643662313162
34366531633736303664643766323839623232303534326333646137623236653638633266646362
34393839386565323463396431303938363535333733616134316433383239386263656563626231
64626634393337313762366131396137303236626135643731323138383036346436613065363561
30393238656136663038333734333334316661623333366462353564623332643163356562613834
35393733303133333338333932366233623766633163303433626338633664636635653736613930
65356365323234333832333539356634306231633932313339323639323139386539636135363135
34633733323230613530653064306663313236393066393862363838623635393739393462646536
66353563393963616630633831366162626339376436613338633638383066376561386163653037
37393035386465343262353730323738616365653335613532326430633863616466313662323831
64366165623739373435346465366330636135633639653136313730343632636265323031346664
34646637663431313430356333303563376637656662316332393966306165613463626135383065
39663632653564346337623532656166623962313538393765333761303461333666616535343463
39356332396432633934356234393166363031393734623063613830626361323837393432323139
32623437383961303336396563303139313234633733333531316431616337656331323364383732
39386638636132376136306361353566643762313062666463393366323061613832636663313935
31303737666635633066316139356563323264353839646361326638363739313634333833663864
30623135323265626435333863636238386164396331616365636239613331363961616433393336
39396538633163663361383135346334626538343361653537386332663366343065343135333732
61366466326165396533326362616239626431356636333864643266333831653661363735613964
37653938616337613431643365373863303632626266333964633464323536663762353265373738
63653663323663396630663866356434666464343737313132663338663235626363613262636539
33626439333131616132396337363961396335643732356132626565313063326261663638393562
66303133613462393961636465323638333061393234613134326531336634316363643834613536
64646131366430373566616531653630626632346135363938623739626561316562343736313839
38353365323862643662323839616364353138393135346235663432333835396638633636366139
38633132393061363963636139353339353733633133376431383638643032323236383736393934
37333932646262353231333132396264656164326639656235666165656464346138663238663965
32303335626331393038656163336565376439313265653239356366653139373430313262363030
30303534376361373462313938393962366362346466316136613931343036613137636462653239
34393930316537643563623134666631343662356331366233323134643436643131376339323735
64336239656464373237636466316635653363333734366566646461623836383035396232633134
38353030306631333838663735343964616463383137636639356163323364326434363363633037
35336566363666616561383838653335333439666338353533376531306533343932326130386664
33383536663061616166303230376638643735616239663235333633303536656262356634346235
64623766373436313062333038613462623634336539363634333138616165373362363430653461
36393832326638363235336365326166333036656137383435366636343763393565656235326530
34323533383834323234326665343832383230633332663031386563333662393933383966353463
33623533633362633834343265356130333733663332343837316436353165646533386532643761
38666361653430656364663066613965346339356436333930383838623266633362323661623533
32336334393432343266653333663133666262386134336338333466666337616532303639636563
31663062353732343136396538396333613761666531333934336433373331613034316331333662
30313661363132626164666339336436386631383763613733636164386339396262656363616537
64633232393863303730366135646536303831343338666138346461346566353534646639346437
37613236633331613533333236396336303730633434333734306561653739633462396239643962
63353930643536303261303364383564666232336161343333316634386436626638323661383862
33656435623630373538323064303063636232363535653766623033313836313937343961636434
32316262316236643363353632343538633330323231323032393766373534643266646464353163
33326565393961353936643933643033303230326132396632356235353037303037333139653431
66366635363761376530376664656263316432663164313562393761306235663633623734313932
34353964306237333234343061333961333230323035616238313864386636336461323938616266
64333265303130343839373964613534393934643238646530663330396130363636353666353238
37373330653165306166613133346232326666396433636633643039663239363562623461376531
63313330303639643734323133353939663337383137663866376432333836333939303132666231
65623633336662383432303135643535623731356163376136303031653237323438393134383234
32356363653836333662613665646430623162306532663765323063383765613034623636333363
38366530393365646235333434663332663635343132653738386238633536653636353732663335
34303732633338363530323835383834333965383536343035353662306364303334653662366330
38666437646337313765643636623039356530346139633364633639316336626133613930643431
34643732316234393931343538326236303561653565333565663364656162366131353761626332
66313364383535613065353335396131353333353936306265326139653937636535363866323737
62656566643239653762366133323331353332383931356665616338653964636162313434636162
31393863643835353261653930316330323566383734313564303564396162306465363638663633
61336131326234333864303736643436643265353733393639646565336536613331636630303262
35613739343232306333363437353233613061333739383039646438366535343265353235356632
66396232333932323136356566623037383732316338623235373066303761646339303262643366
64346164343565313464626237653139646131646465633463363963383937623666656635343665
38333466303734336166666134313261386132353234336566323662366634656162376461623032
31333136336262663761613331623438353834663637633866343665356361356562363934626632
65366432386466383637336630393664346133363465656239636165346238356631306564356265
32663536646436393333396236656338396264663439373139653030616537366666323362646566
39653438343430643332303237356538303562303462353431366333306433356334613336333263
36636533333330396339616466643932353034303831613834663163323262303136623561306131
30306233646534306330353738643363386630633864646264386662306261613964363361316639
34636139613765613830353839653063643938623739313962616437313238653538316433313532
35623865383833653932313639346430636337376161633165613537316535353337653636386566
30376539393931613762313434353134656330353035326634306539313339346164393332303365
61363066373865346437613766656638623866366632366663333865613762303634653832366135
65613933386238613466383239313336343734333061623539353762663133626333653863613630
66303265363832343739623539646438653566356266353631363265356365663437613966333963
30383966613164633632343263643338646134396365366362393238396330353561636135386539
38613831363362376430666566633338326365383034303030386335633065336530373139333364
33636338323939306433336530346136386431663637633362663162653230306362373365363935
63643232323231323131653865343433383330636235393361336362343563613264323932313836
39623662326539623337336434346336323466386464663533613934323864386531326630633037
33336663363733613035353531303862356639643734616133653533646162353239323061303463
31303732306264646135303732373639653838626235383266303031383231396639356531633631
65356661633762313432353964656665393834666334633832386637623930353333656361303732
38343333656438646438376532346334386162316561383762393166333039363435653335656162
64646366323865653966323666616235376266353864356632336334626365353933613563636536
35613037643339346363346230653938393636316664393430323665323939343862366162313935
34623138356362353030656262333431356337383930353366393832393564613264383935623831
66623661366138323332646132646462346531636438636531323864646130666430373666313764
64376235343365346564353962356662366362353261306264323861663436316231336536363133
63366334333436636135333737663661373861383138353334303363663361373039326565613631
30343039613932376232356434313130656533626666643364373862643530343538323961303864
33663732383532363730313536336330366564313535313837313561646366646530656431613332
37656363663536383163333530636639326335616561336166386332343038383661333664356636
36663234623930313235646431636233363038663835656563626232313138313862653831366532
38353237633132373434313639383036363830373563343563313031396437303563376464386432
37666136326231646237623334333932643764326234353862363934623935306163373030386666
34666365663232386539333961363761356437396239376466316537346636373963623231333364
64636336656366363839356438633465373465373565373137386236396534323336376632613365
66356330343165336338643732663966623834363038343062346466643031323364303666303439
36376131643131343165643161373664373239386637396335633739393434326339616633623933
33643331623039663362663761396462616431613637363438653534616161336538363832353637
36363631666236663631643963636530383738616163376335323033366239353965633862313631
31323131373465366539633434353437663939316139373033303538353033353836656233363938
65616130316261633535356134636236643463303634396634646162666637616130393366333939
39366632373962353366323335636163663361323431633830303064636264333065303730316630
38376363393638333538396166633338316262303261613137313030303932396439363463323232
36316238633939333865363537333166396136356661346335643338623138316261396162313439
66326634346133303331326239326534613732633030653736636564393862663563313066393466
62303061623134333338646332656362376265643663383439303763616338386330323437653131
64613930333438393033363136373634363838616634396137623431333230363639616364623464
62373733303439643539376537646263386266373234656163353665363231313934643662386561
64646635663130313662663230313333323037376136353830643839376537363562613733383633
39333438393734653766663937313735303564643537663961346363613539383531326564663033
34396632313336643233336664366133376362363961346533373862643235366665343963636464
30653537663464356137616262313038366662666434643866313930626133633333396364373766
65376365303432633034613632373961326332623130613064646630626238666137333533383736
31366436633233313166666166343432393936623165373762643033633265643337613831663336
34313335326631396562323161663462653061343761346364613563623133343561623137353230
64383761356431363630663331626264656235323162623965626632386365373039353139636431
64373838653165633533613666323463346236373933653862616235386166623762386435383466
62663130333166626237633530643336653633643034336138343966316261323961656430613065
39393036623237386565343130326632306463323234623934646263653964313432383639393665
61663635303866613038623563653166663266396161356236386335393736633065643539613734
36616136653138326238393963633930316539333535643934653233323032656265636333616133
37653939323233623936323364383136636564396637636162356366373664363438383931653231
37346361653063313636306537383863383239383136303230653361373163323331633330653563
63396365323439346265353731396631373932616135303862653966346165316263343735356535
62323163306361656164383863343339633064363839653861616536353038663461303966303737
63323933366636326464633834663139616362663766373638366662356165333434333561363563
61663230363663613738636633333463303832613331646561303136663631333864306563376164
64633862396231623138636336373361333131363361363762646330303930633838633939333634
30653764666335353738663034663261303530366366656332363262353936316535366666373831
62356466333066393634356665653236376263336465656638373963616437353539373432616639
63656534643765356361626564303366656130336134346364376331396562343136386563376432
65316134313134376161643564343866373930646134383262653234613039396363646265633132
64326264333632613431653264313232363939653261333738353233663736336233343537336333
64333131323539656136343130376635373964363436663837323838323465326231383738336136
34326333343566616265656330346261656565626166616563366230333939613462646330306436
37363162386237653237633639303664633137626439396534333164396638306437646563333962
64353634643830363032366262663831393839633063376635636133663938623337656536663231
65383465393264663630376565366633393664653665303134366539356263643430356634653134
33346236623863326164316238643033346538303362313036643131313237613065323335613566
65663430666136656264353334376366333366303762343766613861313866366463656534633835
38306332393166643532323237353662373434396638343761616537663832393336303930366131
38366234323336373263306164613432336436346136363836383961613464396539666430396433
61383431366237373230353736626166386634353463383165316237383031366239363365666138
65313037396233343939613238633431663663626463373332353665663465623233383630663530
32613466333838353836376463666330626266313133386565616163616133643063633533346436
35323534393336663536383064366561666661383131636162623066346632646665346462633966
66356537353739303733333562653330393533393036383231313232643737366464636664623933
63333936373534613736643338326337653465383731646565373630326365356434383138393933
61393737656265303130623931323134663462363432353737356130313163333333396337333435
61373037313135313231643535653935343462373161663436313737666435616366623961393566
62303862323565636232373630386563613032633262623634323138316434393538343136396134
36656462643932373935363436353235346332383337653164346336636536376664393866303161
61383032663764643637366266666135333230663663363063376633633730653063323830386537
62383638636530626266616431663664343632653936336636326465636537663232353231306138
61343665333066306465663636643063616332383761336435626336626130363032363532336135
34653537643837663837616536336537613332383231336339653535396562356164336362343336
63363963333466633961386431333564636136313566333130373930336639363136646133303139
33626233623630356531333239646665633330393638646136373338313362323232653436326233
34363832323664643638356362326639396562356665363433376338653430303438396465323263
34623863663264393962623139643837373162343734376137373334653164313063383336353465
61666330383338343838366566653661633365393166373635386263383364623561303834386666
37326638303132653764306335663163353331333038323339663630633338333535316534306439
64646338393766393930636665303638323465633135633230613566643331653638623962303632
32386664623834663163356531666433373061656362363234323431613761316637393136383665
33313732616536363565396462623731653033376332303433346361323835613665313030383638
62303138306632313633383030366338343435313830613235323639376637376238356130656535
30666564333132656366653561633035353265393062616430343232623566633132326634343765
39393934353231326265373138623532613531653235656331613864633332336464666236323834
39383366376334666532346264646131363864346237336530333461646435373037356166353062
37303837376461623763613139633338316438623533323130343532366336373538396637653639
38393061313932363836333637356461633131393366663430383534326438636137656266666632
65656332353962303639346666613239396331323732373331306466326465343564613835663334
35336338356632633561313861383235653065616362333565393233366539643932356561353064
34646530386632383630623932343435393562656236363165353133636231323163303934366662
30343535626434383364316664373861663762393738386264303939313734316664326330656165
37623963643663653966653734663166633661386437666362393833616136663734306634316134
63346466653232363632396139623864613965653066313833383935373838333238653432356161
66323133656262386265613037346633313334636538316164333166633833633966656638616462
65383531323334383637653763363939636132303236323936636665323333356165333932303130
34303465316634613564373137393162353766373437386137656665303362636561353465313634
63623836356461353566646162643638616461363166646164363563613361353638636664383936
64396666653462336161363039636134646638646234306665386661666431393539643632646562
61383462643434646265613538363563363534626337333230363430326639343938313231626339
64343066303035623037336433393631303632353330333965616231643831616261333434613935
32643562316134323963356334343537366637376563363566333939313139323761386539663936
36336237346530313339343164333062666333353764633165343563636162323333623930393737
34303066313764643461393739633636376636376136306334346430303766626434363962346166
35633363616235353538386663323134313332363739313634323235323566316338623331376563
30613864633161323632653334396363623031353130663134616463643837613763393933326434
37343266346139616232353662373931306337313033353737653430303133646438326661316462
63303764353564623965383962633639313239376262316138616261353064383161393738326662
38363539323964306638316364666236326135373534643031633531333132616161323263633361
31333962613765366531326537663339333963333333316366336533643835333430363163306338
61323262313731646561656630316135613766363064363761623739616130333666303137633763
31306433386437346266363238323566313961653439313239333964356163633865383964363631
37653730663138326531373937393135613666383864393037373661303762326362616466373966
39333563323166623638643539653233363632333537643764393863316237323935643465366437
61313135643432613564646662613764363436323933353661663432383261303237373338626137
33616535623334353631653337303436666462666439616666363638353533363766353362323462
31643932323339653464666433643830343433313365353962333934626437396632373630313130
63616635333133356265343636623366633139386233376438656165366135353965393839323866
32326430333437373635633139663761656232356138326235383064376134653566393632663738
65316334633932393734626565326430363532613664616431346466313263633039633838303464
64323061396361326561626530616134393039646462303535366237386430363861333530653038
34623334366661313734373064636336393432393863376132633462366463366236636539336463
37326630613062636466343261313763636439636437633837336463393862376565333534306466
38636132323937316238616130386364336639393434346532326666613763326239626665396434
32353939363734303662663332373264373263626163363765396339656439383139313365303263
66323230363432336536373666653935666438656232343264373738353636616363623730653566
35373038356634663733313834626637353538363238316631353134323937373332623666343538
64363066336163363866376138346530346538326635653462303263303432363534653063326530
36396361653732303361313162366635386135336434316365393163613538393035613135396630
30346633353061326466336566616261643732393937373065366235333937306331323937373435
35353864396265373433343566613132633931636234376633366531396562633339313264393730
36336663303862343366333635303966643930633036376664613431356636623062346662333566
36316664343731393563643461656164353166356237613736353236303136393239386432306139
30333136316435656261616635333938366561613936656665656335616238613862343437326538
62366633336463386633656164626363363865626431613465633462653130396137656463613264
66316439396135373332636661306162613131333363623231643565333230653866616536343937
38373335306230623265306335386632393733373861333131633664623639343139653366636131
66316365653961643931393931623763646638383462306361363131663866613137326439663561
66356133633762346363376233613431306365376438333931623362613033643362316538353866
30343161346263303934363731333336373661313463313435326663613963666261663031643738
34323439313361383734623230326662306330306230343161636339306331633763393131326336
34376637343662623065643234363131656638653431636666363437613162333734343938396232
61663765373063643538326564623335393163366634623239366666633531343966623965336632
61643034643338613566356636653433396563306639636664306537663665643232626232343736
62396238643239636663653764303461316435393539306636306531353235343436333331613433
30626639303536376332383461373463653363613762356364383832313833613239383931326631
34653161303635323464346463616263303266646266313538376533356362306536666538346237
34333063633639626461613635363235373463343366356532616239356535373438316238626338
32343538363132643963636461613032343138306637626265633933363663356539326637333062
30313632663138323734333933623663396261373733656235393139363934363666336636623232
61643537383632626333666630356336353036303639346164363438623636383665323638316164
34353364373464333138306262396233663234353064343461396233333062636536353164623936
66323133373862393261663033346565613332653162383838613964316533646632633235386364
32663739663130393539396239656232366661643037643330316232643431326465343265396139
61323437306431656332396138613937376437643362653339353162333730653734356639343832
38353363343337653636613033316539656239653463323264646134656431386134303634363931
34666164383536333332663138626437393134313635333633393632316165663331623736643333
36653934316565353666616166303231313731663032663364343630373863633236356261323139
64623034626234393161326461636231326266643165666335626265623839643363313530666131
32363138323334613463636664363635306533336433643966376163333666633930616564323165
65356665363866643966616630633063643564663462316632326564633466373236316439386464
63333136386433633731306334336536626366663462313436336338373037646137343333393932
33336532636230353466326265373933383034663731313261656431643062666134353832613033
34383061386535633532613739653666373639666236343536653566653234393964646663653164
39336238313239353935653931643561396434313838363863323337383837356237303535383536
62346238303734343238316538313139316262633432363633303730346261306165306337643032
66383261613430366661386430313931383038346462613237356331383932613931623936393933
35383361353533663630323163343035646432386630626232356166356666383836636665316535
64633361326562663037646566353734643633663932376238343365653737666461626236626137
31343035313736656639346532343163393236643464376234326230633438623065633963653935
32633133653531616164343530393035313531303835303736353831333532626436353764353431
36346532383264333634393735613430363436396365616230303337663163326137326438343439
31396130653130343230616661666433393366386638656364336665306166343664323239656535
35333832623636663766356431383833666531316663363132623966366366316264323431326432
65666639363735313633363930393261383130316166383566666265396265626165656162623862
64303933353635306138393336643139336163663930396663623636373465616266396561613463
36383938333237313739336534336463653666376466333830373363663962646236376166376464
63343530383264343561393933353966633936623530396263356532396465653734373566353136
38643432623234613438376432306462653765353565656463646338366363643361646562313065
36303565646337643338383364306434386130643166346161386235356133656638353966663530
34353165303830383635303335363433336265636635343939373163623932666666333834393934
39316563323566366266633936623436633363613961313136373366666135303037333139396435
64636437383932396533383437373266623834326637303731333630633435383234313263653066
35343666386464613234633638616435333565636265646236343838376331646437303630643162
37303832343430353663626664356663333531663231393966306132623938336333663764373536
65656238613937333364396235623864383563666261633734313737636565616164653332623264
64636430396166393234626536363932616538376332666339376465656362386435346365393238
33656630373939326438373466623262376334346338326161303030316363306439656138636464
34373264313362623464326330353530383430396332373233373836316662326433383633333431
66333531633365333634323531333366623934633037313265383630313431363036633936313437
36343133323662313564653336366363366565396463336433363263356264326161653032326464
31663236633838656134663361616361393462396463373737643630353863303662646561383032
35346338383964326363336131306266643666393039323539646433383462363966313433633466
38333533643236663262393937653339646332623261633535356335303437333639656534303465
37343835653636313131323238393061303831663438636262653936363238623165623562626264
63343464306138643334366533646633633734386234633630323136653263346134343631363138
34653534323262393938346333383166633663353331333739333165653561396334636239373566
35323765333538386263313234643563366536336362663338396534363638303938316530623965
61656563623832353135393032336238343038323935386362353033346131353266666165333436
66636537373061376338363862663065623934333961373162633165376664386439656534313735
39646136653239623833373662323237646664353434613763373438306132303836323136383937
66643037363339343037303436313634353832366535393530366630366263343737343930636134
37306565636132353335353965313561653861373432653266333834393964623833383933653066
37663030386234343933366633636235613765363462333764616564613336353666356639653136
39363163646134393730636139653363343336633863376463363963306131653166383761313865
39333535656239643839613737343062396266386639303135626165663761613338363262356638
34616134626332393635323864303830303534383163316239363164393763386434313162356364
33393963346434303762623031363965636433633533623562633536653165303663656233303062
31316463376461376233623561393966333039636435313364323464663636643933336664323136
30353562376661393534353364626330303161386430313166643535663964626638333165613531
34616338383637613731323133393830643536316139393762363535643830323339663661646463
39623330636234626365616462343333376135663961323533303334353738316632393465663531
31376465386331323732633338653664303033313865343630366132346331653437323636373330
61323263383161313231656535613732313765303632366438393262643239633233356637366338
66363164343762373934306632303665383731396665653063323136336638343565663938666430
39356463636131356130633733643563623863353336626539383632353430333438643633646333
37636635656434306461313033633738333266386630356662373638616230626266633963333432
39666632646535666337323935326233633566623066616133386231383632313164373535333262
66646330393666633637343832626230383734653962363262313463633936323236623633626135
37626136633935626434643931663465363564376431343861613734613831653933346635333463
63623738363539303533303966336531363762346165313933363133333434313563363465386263
35323763333235356631346635333838613663353665376231666130366531616237383838373564
63356638303661653533326530346464663964646235623134333865363135316661326134356633
63383061353638346634303263623266353233353736396631306463333135386330386635366533
39616462663433643239346436633938313566666435633238323330663531366261346666643238
30616336613163373530333232343762663138396439633634333838303065623765623437306338
36653038663464373630636237653435323562393161316530346461663864613038313230623935
65663762393638393766656361643431616234303238323266633130373564636230643163636530
64376135353334666630626264336632313935613964373566653339613938333433373738666534
63613730376133326465643039643762336137633331383035303132623839383066346532323530
39643538633336313966633130346564326464333336633132303363653962306131643035396365
36356338376432383161383230373831393535643531643161613632303631626235323634656563
37306134636664303234363230313265353739346463313333346535623061373933323162666436
37633163613365306337353639343839386339643932393964646435376433353631356339646162
30313462313661646630303232316663333465623666663436363639623433663833656662343363
61316634356464396232386434663165346261356437333438613766346634653566353565343731
38376466323966393665346461623161383938633866616435316239373562373738336665303361
33346534653037663137346233613738393461633862646537303238343366646238343966323937
38666431386663313633346233613839323938643663653138363761653537336435353234656636
38373566336233303836353237323638393938393262383439363134643564656133656462333036
66616264633133306134373939306635363233396538386336643161333864303931396661663338
39326462623835303830386636303631663634343166386233656537393833376639333337316464
30666665366466353237653538323838343763643961383033343834393164333764616264656364
37363135633566666337336263363531613136366237646530313232616638323734666437323831
33346234336534666139373130316666376435393830393632323236366564643533633239356539
37613064653762393537653737326564656362393764313730356431326662663230366136356135
38326565313364666364306533626539303466316133393566393631333063383964306334623661
65363435666261363363363531323435336635626432616632313034386538386264333261663139
36396634616131303033653930303936643837303133393235373331336461666234383561373733
64343234656665343232383964643734356464643238386561333338396133653565656534363063
63393730386339653536353063663534333339396333613638316262613266666432666262383761
37303430373334613463306634633461366334356539336362336534366466313164313263393332
34633366363336633134616336636331346265303164653438656633306530356632633334613362
38626162613031666662363439613335663037343865306531396532373062623863666439326132
36363931333439363665306336633063623030353534303132353361623739353463373932346237
63643137613334313039313637653061636337316537393164396565613634363762393162663132
33316137346134383263383935356565663762663338353832383664633733373638623137393834
39626461623334323861656631636161343165633762373166613762306338366132316564313561
63346665386638346237393032346635303434363733383531373131333730616432336166383836
35613839396666646338353434306537346133616634386137646132336630643763386666353538
34633335343339386666386235633234303663303237663933336333313031366362623930393761
35626134623764373864373431333734623736656265653035396534663064643533353363343666
33366261616364373831303139323362346232663430656363633361636165613537616663623763
37303036363037653465626131306162363265333238633434313961326237306361613938333236
33356566353232363039613531623330383238666265393530323134303430333432643463626561
39313066303139363362656161366339383933313431386339353832373530653134356164376538
30643164616363646433356537633634316163326238663362616266333261393530306465386162
38373639303139323033323231343263303966306162393963333534616637663666636465366434
64653765386337656665663132616363373931656635616437353935353934656639323637666335
37376364363864323265353766323037663537343035333065333361366433376638316634633733
64623362393562363661353932313633633362613563313931633936646665616335356161393633
30393937643165363336663266373561313535363636616531353265616337666162306339386338
39623231383635356563366564366338363233303364376436386534326333616634396432366637
34646234343339343033623465313633376565623461663134343561303239343161623930366630
32376531623631316230643337383761663536303261386665363335366339613231356365626163
63633665383739366435323362623461666261353966373731323964353333376137366663396233
61383737653861313036386163353461336464623630393564333437303937343934396463353039
30346236343731663361383863646537393062303338356330613661656431663337353933373061
66336335343636663463393265316365356166396363613539653334633536393764616231306638
66383136343336623864383030376638626463666331656530613130666264303363323435393365
63656362643536363831303164383635376537393931613536343232333965373530656262303366
37653732623934653337623530303665373032653330386366353965633862383462653933316134
63663263316532303464316166353731326664356466346264323063323062376330663263643335
33613933616436633137383934326635333837306463363138663432646137663438333134613265
30386565663136323030613564326463623530333866343863366439366561633638653961633838
64636138323639626339636365313562623363393733643766663466646163643063333333363735
35316335633633663532383230306236386634626633333534323564396639306430383861363562
62383463623561663739653535623631616565636638356531386538353264666336376332333539
36326131396265323763386334653334383064653638356439323437633261303439653865626337
62383539356164613365643161326639393838646166323863353537623963636238313932356131
30316630326233636434396334353364626161316266626366393139656663653633363438633862
31386166393866643736636166653064613564376166323434333239303635636537653665316532
30323762336237313439643837643332393230346533633539656239313034363234653831306436
65336564363461666365323164373331646339633565363935663332303331343961326366373438
38623463306139646438343764663964623731653261346465653861663733616132366330623162
35636136303231366135616265613061323039373364396661666666396536326137393366616137
36653962333330346535356261366263623962366537393861613037316262623866653339626132
39323039613438663762363938636231316339336639383262356462333064306536373433353064
65323431306364613861633562373665306633383635666330653336653135313034303933666633
31643432353662383331303930383230313531363962313065643930376261356232623064353932
38313037386661326665383436616634346336656132323665373162326239316432323335376530
65663439373062346130346634663364356338383861363262656639306233623966363337333937
33376165386330343638653739643036333933363433313665343835323732346465616330653431
30646436666666623831396136623831343761386534623338333765353133306262633939353633
34383766623135623631313163373638636465636338383663326631653362616436393236326336
31666665623236663238663534353464353536343932393139343965336462343536653933366134
37616662393538393631633766663761363764636562333662323331336462366232376561383566
65326339306436623562653131373533333930633531356437363032313732386439646632393363
61353638636237643837326637613638343238333762323737346331373833633461646133376232
64383166613761666337393234653966393836386438353866643061336239366633653435653832
64343164633266643637396436626464613263353263656566636238366265306339636562623133
65313965623737393039633762373233346662633331356433363663623738396130313061306333
35636564386532653635666132376235363839333034363464623332333462643032623966653138
64333736376264616461616462633437323532636264633035306338383934336333353864653134
63303436643337353833613330663132633331303937626438313735333562616462613433316636
36343930653364346438316139386639663534383561326535356138336362363139313437303133
36623263636534393832363836396135636330333361336632393136663737326263353538353233
37313131363965313939333365323539393663646632653765313130316165633261336162363531
35373366313564326166616461623930393965326531313061316636626234653430643965656335
66366265373764363534653634643131316437383364636361616337323338623838663166323932
62626662643263326431396535646132356365343435343961396439333662303639326136363962
36333633623632663566303933666530356538383835643536393462356335316634663937386363
30356334643637666666393063623666616662643464356138326535656539363332366431643834
65383135303530306137333639326530306237633865346636663831663666363663376663633235
65666533323436363030616232346662333936626164363733653139353564626232376465633264
66656537373531306335386230663162353766326435613236303965346238656638336433646566
66343361333338363065653566373038363337383533346461623965373662643966653239346530
32633731366438316433323439396465363738343130353930643334626362323964363634613038
65623533363831306437353661613832613866393363303963623839356664356530323861343637
64323666366238346666616133336530643437326632653563323162646264373734643437643633
32366666613965386438663637666161373038663636626663323839666535303964643435313133
64396363366166393839303065623931663764653836633266303931306139303931326539333362
33353830353236613039656436316663336137643337313264353337633961306638333330356636
36376464626535666437336132356165383331316430613835633235616636356131663361343764
66653137636364653664646132376637646365656634656636613366396566646336643430383664
38626263353830303832663332616430343136333130616364323435646262363666643336613164
36333034313132356234656630643266633130316337663439366230386230303038336434636337
34653162303133333466663965313335323838396331323066333435383065326233656436626264
36333666316561333334656331663837336563366336396264636339643833666365356564306436
65373461623332666138623634633365343263383566623837636630623639376165333339343566
66343533326465386362666531393134366561383964636265383535393537303365366434643465
33373262346463363766323036633332333564336261383164336435313363303036336334323965
35646436663134323032353838343839316636353462373637336564396562303462623936666636
39313261666136343366373363353864366163323739366136653632663333653833303562336363
32353436626136306563303562383934316162313661383030376531343037613735336465373564
34373130346137373161663031626234653737386232313239363464393533633733623930393165
64333936303930356534363537653334363338613038343438666264366266396463316266353830
31383761313362633461613162306131323066343563333933666562653837643937353939313662
38346539613861633936666466333236363062373637653032363034393365366232643164316231
62396135393765653932373665656238363964326631646133656134633939656339616166656630
34333339613732306430613565333934303164656632303362633139323164373938383330326566
30343463393664343264313435623033346232613538393262626337613137356465653766356439
63666562326538393332353861383066313166326430326132633537346234636662353936386132
31613763396565656563363361336630373832336466343131306439656231313332323839336233
31666262323961313866343834626566636164373233376332346565396231303231663465616130
64323937623063306365653936313235663062663936666438633732366536323138636565386131
36366162306332323430663362316238333933653165653562353363616638663234646236343730
33386331393166626161666533353332613332343838333937396165313239363931303235666333
36383631643234303931643239303566353938333332653337316539336664363761323061323039
30313531313634633432373631663631343237353361383962363364343832646137303832336439
36383231393664633135333734626432333530386233306263313039316231343165626664326261
31663337383238363236613339656437313138636561353431343865333634646663643531336232
39393836333631346566383934366166366166336431623166376662643565633535613732363165
38663464663233643238333062326266373035353334656365343431623139383834646666356530
37383234636537386636626631316637303666396539653331376665666166393636353263396663
64633966663062373836313938613439666235613035306664313233333631313532666364313833
65656165396265666362313864313436616663616335623236636163636232363565346335346264
34383030366430646233343931666631613062623139376665383930326631353033313961393865
38373962343232653830653861636265663463393362613661623632323431363734383431663366
32303465356366343332346565316230323936626136666633373237346661346564386133643464
37663337373665343135333130343736373161623735343432303333376364333331663266313732
64373332623534336562623739333530613463383630316131633062356430353462643762306432
32303165323064613530343030303930383633383939323133306334663063623836336630653032
38653963323135623731343233393764333430333766326565623064626534393437356565333137
33653162356565613865313062636131393263343036636432653935323064646239316436356135
64623339323065636464653534663563633632633864303761626266616664383138636262323539
38303062633334373433626366346663623934666134626137663463373762333632633862363937
30396663623631613530663664613130363832633635313936626462346461353465363332336165
39633836316431363065643335353939333964333834313730353862393637323238643662303134
36326437316463643331383639616431326530646336353636316438653539666633653139383439
37323262356331393637653238643032313766653031313034303932616466653165353136346538
37386637343264396362636465343239633137616564343365373334346165666632636536643864
66636464393532623039623837363761376132353331616638353764333665393839373032333666
33383736353166613531613965346530643337346233376636653631343335653664396262303731
32316135323962633966626430356463343739613766363139656134626631326134653732653166
63393461343836373265623231366162316637326433366636396364316666303939613662633538
32366535616462393434333637356161303862646638373433323832636433623738373839626562
35393863383938363736306436623864623061646637343235663439393033386638626338346464
31306535353631393665643138383639656336343863316163633332316432653765366336386134
64366661303239303565363139333336333163613232626533303235326232623363303438636664
32363830343237623961616231316137383635303436306635393930326464396239323364353362
36303961656334633531653133313037363265376430326634313534636635333030623965366130
36386537373530653264363062393566666130343237376435613866363239306665306435636330
33616430363561613261633538353733666537613165626663376365393437643961323961643038
38396664376364323964363534633530646434623161393934336466323838666365643634376335
63626263623566383733626465366130623130333137333530346139396265366137633565623139
63653961396435653534623466653161656236616331353136306362646361653537623562363965
33386637303439663666333334376262613733383638646239346135663534363031373765626530
63636131343934633531623835643764376631393034663662323435363430333532353461323730
33643665343531613564313231363437656263316565633737666433386639656363343561323639
62643435383231613834363361356133393337376633333461366363626534623261313462373365
37336239353734396231646539663033613065613539343666356535373133376464333437376132
37383266363034333963626339633234323365353437373563383532336435396166353337353464
64633462336235626231666633643365643864333366303565326262616166356631613436373230
35313832336636386331396536623937663833663062383962316436363532373434316139353463
36353533336230316566633165616333356537396664616262643664643362393334356633333764
66633532623736326333646265626563623361646263383864383466646566666431626130646232
33633466363137323031373136663665343834656165373666343364636364336535336565633562
37316235663334323530653230633739336263623365313730633534376665653437323233316632
30363438336161626631323564656136626562366331323562633835306461353836323038363562
35666266393133303233363332616634333631643933386539633831323561626162633163663864
38303566633766333361663837356165306330333463636437303463613835356431636561633362
64353233306261383865656138333335663930383163623739313534626564646633656563613436
35616638346339326132636437336137373565636638383932353561313231303837646232333861
37363261656235626233353530303837333239383836303435653832336665393764313762366134
33626263313939653231306330336432363135353565336334353266623864323065336262643962
62643839376363613838653639313139626330333466663261393539376663313139323334326662
33376437333262333761663931393339646630323633646336313030646164643137303935616532
35373731376239303439346131616433313263393931616431623834633965343163346161353866
35653966646665393136636631396632386438333061363632316530313663346362393461393832
66656134323932643765396130616331366238613132376533353337626162656262376537316164
38353462323865613335653333326666623864663862386335343836333262666234346330326232
64366338396365626564343632373365626536333466306161336463366334336564363937323162
66363334623736343138623062393064636666653263623162313261356338666530396132343934
36326362666161356133616161323930613538656232616664373565363830653064386333383235
64323165626366626339333264626435333833663665646663653037363361383336303135353033
61373663633136343339396665613161663439633239633562316637343439616562646566353230
39663965366637663235353065396133396364316232646136626163336430336539643737383666
31363833326236393536356566353331656163356563623833326166316337653433316434303839
64326363623163306463373065656635653366373261396533383364646461306461653330306466
38343066353132623465653738303333326332386663663065306163613463353833323336356235
31383462366366316333663931343965353564313866363936626663356138363731646338353939
37616264396162636136663039303566373733393031663566666263323563626531306561356437
64356330383466636663646263336236333031633262333261666564356539383233353931323537
61633031626364376662376533386631366131313561343864333032366430616164306339633034
31353963633033373463353061663864633565613334306536613235373930376463303266323264
63613235323135323966393138343461306462626132333336313133623062323130623931306465
35346338336133653632336536623632613264333164316339323936353066303533316132633438
32386463393664346336333266383033623765353764613466303163396238303463643231613335
62623661643732303762656436646438383262316266363132613532316531333034323638393462
34376438373961666534363464333663333435343539393736656266666365613138613336666432
32313061613165383562363862316432313633343930353266386436313664626561643235383139
31376434616334313963376563353230623434626266333533386432633637613064666233663666
30386536333831306562313434333234366437346132666335623364633264376639346430623635
66643162306461656133663237343436336162386265653931366262333437623935656464616361
63303834353530383366613764346635306333383433613430636133666137663664343934343362
61323739616138316266333363623935356661653963346363633138373739376336613038326130
63666330353233663930366566613836616666373561326537313835386131323930363737666435
61636663643161663438343265633033623431343761363266386263363730356231386365643031
38336234333632306362366366333230656336323461346563396139363130633938373362363163
33383839363232633436616365303739313064643466343431326338653566663361656433333236
39656333626235633932646435373265663361376432643132656235373666326432303766343339
64323266386531353365363861393435373139363363356166383565303833653137363530623330
34306263623236323433643238336236313038666133663233333964616438346361323131626333
36353631643065646136343534636531613937306263663565336333336237636464626133303839
32383238386138656263313435363964383566633236643030663634373734373039333630373366
37303763383465623534663437333937356164386563376130376333636534666435366436316365
30646232636332613331323934623233343632326438323365396537613661373533363439396133
34383337336131633062306666633464313639306435626430613462616262313761393938386366
33643662393337393064613239316166396633323934623037623136303564653138303063623461
32643062393664383533616164623137653630373338656135306132663135383636333039316435
39396538323539323633623230303764333766656231316237626434643263363765356661396336
64656361666562323632653939613438643832333934323864646535613961663037353163306632
62326532346630623130346266373338376539633565313265653438653534336534616637376262
63383034323834653235653934646635663634336139373235303365336639313233356636623132
37373836383233623936613036356335353564343132626462333436316430303538303238373866
34646264623139656563633365343961646332366165393261656139366332663132363035626361
33303736396634343066636666613639366133633932326438363030636561623936663539666234
66663338366262643735653633633032633139643563386662313363333437666366396334303533
30616334396137613037616163656631323839316663386563353637643866373332653533323333
39306261373638326465303636623137633734346232303137313438616237353962363264636261
63376133353564376264356537633336393038636438303237613438643961613832336539346233
37613432633962666565366331373261333065636332313064393966616163313530623336323965
61653661313465616538636437663838313633666465326133663863336131373262383562313634
38343836393365316633393566613163656563386332663466396638356431663564363936623432
35346337663932383433343566666538303936616239383764393062646134383338613537613066
62316636373137323937613035663961393532313933636535346230633131336539633538316137
37316564326662643835306530616431643465636631666664636237623130633230336463626662
61326433373332643534613130666665306131663066376237646261616132396266626132663031
38636563303762643238326539353762636239653038393965323736373562306137356530633335
62306666346462306663656263346666616263396161646639316536303231636537313231303235
35366537613136356537323339366562646361383234306461366539306166623031316638326130
38336166643035303161623161343735323739346661313366383835333965353736323535386666
31646663363236316633656632643032613665353365336162643263356563613262326134386566
35616531623663353531616633643639356639613930643566613439323063613338643033363263
38333066613430313832333839383366643138323033616635356439373331613034323830626132
62626363666439333433633239356633643434316462333135373839636134356261373132336436
38613736386462376136313839653433633738666637316436323135313235616135643461316466
63633765303065313263616264393463396333643237653063326165386137336638323437613465
30643163616130623363363062383231346262313531393961663235363262643031366339363638
63343737363065623763373364333265316538636632336237343235613734636564613062623630
37393562366639626330353864323937363936326365306130613664633165353164326265316661
65333131313966333666393933656461636232643331393433346137306565376630623036346332
62373936636638326332626435303234633862633132616537356535316366653832613932356434
33666237313164643334396461333435313266373163393431643136313562633933376239353931
37316139623431303236343266656239356537616163623730343230396536333165633633656361
663533653732633165383630653231363764
