$ANSIBLE_VAULT;1.1;AES256
32383830666364356439643361663565316565666332646538303662306431666130376164383333
3062386135333736346565353235623739626233383964370a373734343065386366373063373263
33326661316537323764386563303764633566303862313837633034326230313165323937353235
6166636337383962650a663332356430363730343131373230383131653664316139366463623166
38656431323061316139346666323139326132376437323430333638363236666464616565656162
63663063313761393435323433366537316334353734633765393931666538383738386163636464
33376130343434633430373431663463333539623334343830396566346239366463643563656538
30323630383833626237626432353131666334643766373831653133633963333166353432666565
38343161623634633261336161366136303263373530323234643731323236363531386564353066
62343066393838353030613866623335313166643064386635383466383564393332353036623237
38336566383638633933373061636562373663626237663362343533663939633535363065663962
37396262323865646466303338663865356565393330396264356661383431323038303063356332
39636430653337616532333930653331396135353665343838343137623031316230343534666137
35323233626163393865666365386231396131653838316533613433303464666262353937373635
37323534633230353237623231336133373163646363326263326163613632323436306630653665
65386361643332643835326639653938373533633138393366363533643261383739613831326539
31393864313635336533343832643030393838626631373562316235313166363735633832303863
61656235643635633365643365353839343433343938386335666635346463323130393332393964
63396334303436333666643734656665356530626536363037376535613433666462653663656661
31343765653965616265633366303536663765376361663335323261343464393136363033623962
31343338646236663962343632373762366530333664303461326339343436316333613163366166
61333665333337633332313332333066633032343364313566333130316139376337353463643639
65366338653238336263623761376232636331333363666537653330353536623038656635626565
30336139633466613561616437393337393161396439613733366139646463643663303034626134
39363634626632653639386635323261633538633434373339623734623035353365376462636264
65316561316662326362636434323635643730366536313438376236613764353836643239633431
61633163386138303732373939316231636265623633343461623834616664633730646236386666
30366262636339663666353437346663633364393464656230346662333335666136336663623464
62613737653262653639613663323138353437313164616362336465313038383964313233663363
34643437373331343835353638333761323933343731316664306232303164343530316463646463
62623936373638346338666461643832366633666139323139373036313766386362656537356537
65373162333939636131363835666465333330356361376266353030306234386562333332366564
64383561306265373936356537633331396536356565356631613363346538333465623566626664
64316165373164366330313737353238616130306339393135616639663465616365636333323664
36353139336561663231393235663136386535393332623835306661386361366330326261636539
37376636666634646436363939663137323338626134326535343230643131623036633535613866
33666266373362623463343238383336643735663534656630303834316636656638636535633166
36386165376433613532306433363038373636383135383434653531313134346362326331326663
61626263396465333739306132636633353335366237353039396334363832353364666662626638
34623761653736646535356537373033643638656564373963343462613065333236343437346164
61353434386635313135316238623164326666386164323334666539383466316362363738646339
36613463353835663966363366396231383939336239653638393232653761323537653832303335
32626262613636343836616337396433646139666561396638383135313139653335343930313836
30363531323233663965363364393832313531356265626136633038626531323331343566383434
66333965343030316437333935633965303231386661653234323163353032376131633630383535
35646532643730663965363636323136666532633732333061646662653466366238353037653064
32303238613139346461616537326663386336623932333836613230613437613365383437656233
38373538663163333162613635333033626164666164383635333638636337396334396431323966
36646336626533326661306235663665393165323164373337363863343865393438313764383266
30303439623734323036323665623436303130666633366234633065396264656335313331623065
64653063646263393763633635383938636561323861373835643365343566353535663965363566
34366333383133393432646532326439393161343435313036346639386462393232306437393665
62323834343830313130663637356539383666306536323030613666666232653063346230386137
38353330386632346337666639646132343432353938643233353331393532383065363263323638
61313437386233366662383566303135393865313261343663393235313136653936366462623437
62303832613538376330613765303766616433363836663263663639663839393866326363616437
61383436623631356466663563336661303038333532393538613039363036343865633533353936
65336463613062306236373164633237326263313965626333623762666136356338666133636364
62313162396130373539316239313162343334323663333833393261346639623063373566303937
34303732343333376437323662613964303134376361623230343738613162346131393366333562
64396433303733393130333461396138663232313637333332396639636234366137376164323038
37613765393934396138366565383838376532323137386437643665306237313063303965336232
37663435333263373165613765633963366565366333626665613838623130343462643332333736
37616665326238336461303938336661373030656231653535366235613436333565313630653061
36393364396135653939643036313532623133663261363833633932636232386662316461326166
64393437323465396139663437383762626462643430666135383630343365303435353137366537
65616634626665386363323663613032333538303362393732643337616263623565396435656430
65376630323162386434366635623361386238306230633365653161343465336334323635626666
62656438353732373937653961373935343830643063333366626365663964633462306539333737
34303833623666666666643739313038303931653533643139386135303861666331343734653131
36643662663163373139386136333934373431636265623661303864326331323132653430643636
63363636343235396339393339366364303432346331323835356366323633333331396330666435
34373966336330623735616332613531386666343965636439353434383564306337303265353734
38386632333333643466353564653438356532373462376263303136653031633731313965633537
33623564633265383264666666356537316562383838363162623034653364393464363339346333
65303861343662316563613834626633326434363033636536663933646239356238363765326162
61366338633466633935663136653634396166393232663939306339623835616462613632376131
37386361663638383164313566326233386537323664373133663630333337653733323338663761
61613361313364316338366462653238346436626565633437663066653864333165613035633038
63636239353661626333353638356463383230343738633763363333303964373137653737353035
38643663623531356365326634663863393564326433383765663635656265376435386561303037
61363732633466653061353538663338306637356437363136323536663066373037323861626334
64663034646438623035303961353766326335323466303866393634323033316434356662353130
62613136633431393531363438343365333633653761343337643130653334366133653833636265
62326631633664623536666330376432373231363730373536386139646566646464613931366230
33623131363163303030653963666363613034313532646634383239353563336464313631383130
38383062336263353534316433636331343932303530646635313061663139363830396133613633
66303637363937643961356165363362366232643231373431366234343734643032353464306331
38363833613834636337633263306264653365313931363361613630326461353066393363666434
33346530663435663263316635656261613561376165656132333436356238356431663361323962
30326535383735383965623063616634663137376461646362303065313735383361396530373830
32306539303534666638393065623063383233306536653565326466626638666136346331303131
66663633656333333735343735353062653730613538353036653163316431646337376538353338
35353530663063616164393037653332323036613765393562613437346539323564303432386337
64636137623236363035613435333462616631393438613065306331656638353661353231333864
32653735323266373465373038353830323637393838333635656533633739623861366336616632
62626339343461396637623736656535643964326466366131363836306537363533336535383662
37346163343832656433336661356332316430636462653330663564316361393834633539373564
35373262613037353635303438383035356261613534353663356338613735376465366138623264
39363438643031383939666338303964363836373265663534383839313366366637646365656161
62623031663563306431636564376262616264383865323031393365656565376639633461326565
35633664333935383236393630376266313466363038386435623037643130643239333239316563
66346433653039613337643335386665343337323261333265363366333435303134326630396531
32613666613766653531323239363262633262643763366364613865353432363130313961306630
66666262333638346234333861613838326463613566306366303165653365386631306365613730
38336634346636366138643564303931643962383032396637666261313165643763306430366436
62313333613734656536633236303035313833633239633636363562356666653537383163353134
66356566616338326639316561636565336535323461626533383732643439616634646132323162
34383930353633363533326666613430616539663763333135346432333065373162643031336663
61643736613363336531333336666264343138353436663533333666366538363230333236633535
65623465343862306261613633313633616338363038616539373261613365373664643737666435
65363166353733393439393238306565353536653430633837373434373564386538313965373936
62386135653839623665363631323862363332396565623238393966636235653561303138636137
66396635396134623435306464333731336438313032326363653532393464313564363432306136
38393936303337613739323361383336383962393136333663326533633036313230323566646135
62383162616537353665303963363564326137633433663162633266646261373631656138303137
31323363653864643964356233326262336166346334366565663366626533636362333631643834
34366230623836613531303839336439656633333733336439613566313164633164626139356134
66646364653031326432326366636234356139363866373832373466643262636634353033386433
31363232353731316435643639646338333662396631353836306536343463356331376531303165
36396565613335343031386565663434376463333761386533613863333566613364383636333565
35316433313035643633363734366634306430363031636361353665316135366634376231303262
61363931613030366266333963383765396664356365633436656132363766333739646330383066
31323137393839663236306330633131626635623437643365393237613837303232643662333435
32623936356334366134396531656165313063366136303435323964653866373632333961376438
62623236373138313031383834373763646439616263643839363231383864643666353766633537
39633930613363363437633366373037343331633661323230356139316539386562306430666133
61626436386263666561633665353531386334336531376266313933376331613638386238396432
64303439306131373636366561373136336561313861366332616265616563356231626136663331
34313265383738356334333865613736373038363064643237663163656330353362316338323664
63383631333962343033356534653862396163346266303766643637333134386131376665633061
38373339333266346239623635323466366533363030616133353837616334393437653861356463
37633736303735306232376635383363303332613937373432366632393831316232663662343332
62656235313230643730353233613830633663383763663838343433366436396430326366656335
61623137333733353939326237363239626339636636333265386261373730303733303032326636
63346538653739306264333366653766626563653333666565613863396434346661323664376534
66333234333138653964376235366466626537623966343465653039373366313361303835633333
37643338386631353238663264373465643333663566373031623434666132393834376364346461
34386363343065383066663561636334396635393762393863353335313232626335633364613735
34663162626130353831396431643865316561616231396362303666383933623165323633343061
37616263613462336464393263333836363934643863363365633433333265616238356332373262
35316231343463313866323362613265386562373862646164396562373966613039663232353536
35656436623866336466656161643633643138383635396233643535613332613937353933396266
34393961613166353039656531363366353065366163353233616238323335356432326535373463
36613835643761333161623531393934323364393733323637333234613066643365396362666533
61343166616235663036373961306632363362626439376138366230353265313233666261313330
37616562363637303564646530343930373465303865363732623163373839346331306330653635
36346464376265666537626532613232653736666164623364353961383032643765376463656362
31323536396534373063356364363136623737333532303031343933373435663130616566613136
61353161356166653930373438326237663232616337646533636339373530656338393736366361
35346565373131326638366635666632653035613336643166343863326134303335633765306337
37326565346562356361353039356136353834363130326161313937343634306162643766326534
39376566303035656462663463336462643732373963356461633061363361393334633537666463
32343537383261356463373139346634613063643164646636336564653962623936303561666566
38323038656262393634633037633133643766343830613838343465646135656538343862373565
34343530383366643563356463333132326434333833323639346230306263656433326238633763
35646233393431366432396636313866656161333134646634616430373739333033323735623031
61633731373039383261383366636464663330306265396565323838393932353164306637303162
34363432326138663764613163633938356432376233323531326465636334353632373137373663
32653637633434353761373930353534613862633039386265653836383234633563393932386535
37653264616461343730393664313834396432373530626465396661333466663538366431313164
36633766346334313635336236333633646332336133636464613035346664303437353935633464
34373839663766313134633238396531343333656366376664303563306463313536366434346630
64303236303637396536316530346135393335643363396664616534316131316265343931393066
61626634343430646537643535656130653365306364653431373437306537316561663233363435
31616436633331333132663833666438616332373038626332353231313462383866636430333935
37386339396131366339653238366535623430353664396531393461303262663033626634633861
62353239313132366233616633386634376161653130666663336138653765623039383035396465
33366566373536373764313732383631393666366262373730386334643262373336653365643838
61326331323735346564393166316536383031383630353039333130656238663262636230366532
32303733396264376266616261613662653761313735376536366631643034623836386434653563
62306237313164396430336535636166343164653236343161373963656463396463656361336530
34353437396566313930303161303431313863656363333633653639373565643765326437373932
62366436336238633865346130323266326661333339396661306565386136353334636330353864
66633364336130323265336163663462613938666533663539393435326133386237333335346563
62363031336239383765336163346632376165643464626537336461373635313233326138366433
63613465313065313333636637363133336530366336653835636235616231333338373638396136
30353336353665343734346435613331336134343162393538613966376631646165316261393037
37333733663039613038306463643262373763343364656663323066636134393037346364306430
34303337333961643138363936616266393865383730393937643931316230613035373736393439
63646665323461383136666139323663643962353335623763323964663530643038663038626635
65623663326233386662656265653361356234316561623335353537323033306131336264323339
65373633373531363864626564623963346263633066303561353661633136643461626164343435
33396262663332653733376238646138363664316338653332353839393935656636623166346161
39353466376132393531666533393938613434306261303236333037313363653439366661343838
31336235613464643032343963303538366264386564636133313032323561323630353634633939
36666438663464636637656336666431306533366233343762313263323633623361613062346665
39333331653038383036623564303134666263373666373036343563643733353339366533333735
35393666303132353038303834636364616134376536653032396632333964636166356265363165
63373838353533323931363634363931633733393665306233313565316633613466316438323332
63623934643830333664333666306639323634373762316666313062373666666138323165666532
35633962353766626164376565636132373964383738643762346432613931653834616436313535
66393662646438383462613435393866333037633134653363646466393533666238633962383634
38353934363432363837346638346236373462653835383239316538653664306239356639663063
33633738376161356666353336323466633437336433653034316538353637333530613064333164
31336531343838373863316561346337373537313534393333356661343539643464613335303364
62346438303234643833316363353237663237356136613630353734643661333536663336333462
33353465386363656463646566613061333637383261363162643865386133303831313238393631
30313064656338383330616437336134353063653939313964343461313530366363383736316637
62623136383062666633656336356566623064636334633964633739316538333164666139666464
61383939613962626431343863613665343033636336313262386334356162383361623561323232
62353733336465333830616231353331663964646461393865313730386663373036623464333165
61663239326536643730663632663661333966366538616566306365383365623435653063643737
38393464336335643739383737313433613235333166323762623131323238306164313936316433
63613231303535343364616166303832306336646665323663373439383666326663646363343034
39313536313664656134636537386235353562393461363063343738613464363035363130633537
31663634393432353535613962656137356631393331623137333664316666346366313739666237
30316166393963373363313534613265353666653636353462376364323235616235396466383633
31366361646532306563383239666161363465646665626131646361616163343966303863346566
66336431636533353331653536373734346466653930626637363262646163623964633237346133
65323335393333326261383563323135306162373362653363613763343232383636383665343839
31373137653161393162626663313433636265623466393630633836303830646536653466333462
37323063626166343863383862343763663462353166323131356632636536626565633538643664
30393166323231666163663563613935306138303633343837303936326431666237636336623430
66343835326134373131616638636630383066623364623431636639646537336538353935303830
66363962356264623062633032393638313533363638306332646237653430353065626434313334
31646161306631356130333639393662333162643966623261623632333161303062303766376432
38366133646338626138343535386361636233383531346638356162633536636631396366366239
37323434633438353435333735323062633433653935656237353732663035373062643962666563
38316664376431636635363163656436373832636337343731333664363663373336313337303531
33633630376666343937633136323131336563633266303561343039363533316236373030626334
64613133383630343535623034666339613538656162613637663463363332303966336134633963
61383437303233373133343038653366336136373838646135353736306130623930326438666363
34366539336466353639346464333532356564613762633261353136663834356135356635373731
33613964663733353137626635336637363433323937393839616164383661396530633833643937
37393730333231363362323365346633363466343065626338313539666439376337623137643336
33363236306261386631633635633033373839396437643137333930373463373864636661393633
39353534353761613631623332343333343730653362633663623837383335323035373164643137
61643166383338643566376232333664656130666532653063363465333332323239373630376232
31336139636562636134643630643738306232353633653536383134623932336262316262376436
37323738346139653733323132353334373130313662326364323161363361376231383666353631
30663965623364646561626162343037393131646566373564643939363265646138306563323731
36626365633939653135623632343535303738633061323565643063386264303635396237353633
38613361346237353036356162633666623365346664323635653566633462653465336435326134
31346136306161623362626364373165303235373334323965376331623836323332336338333430
66653236353832383566653562313734326165633162383466663864333337383662373263366130
36336338343461636237356530356465383833323062396331396233343630376238376462353935
62373939316235626266363865323237616131363933373862356330323536633363333065313765
64316637343839363766383263333163633932373439376131356466663739353934306533333764
38633931623530633937373061323936643637376664393162613939323766373834626664663765
38353431613663366364633831643137366362356361623063623032306461346238613032396133
33366530343638356561366139386266653561376365613532633834623265373331363634616336
62646666373434333861643737393966346264646235613839376339646534333132363436393663
63623337616531376334323238393334336461653863633963623437383161633131636135313634
30636561663038346533616330313935356661303839323736643333336231343861663965636636
63663134363737336561663964633566373030313565303466636364323130313734333530383861
35393764323365376439363631626166636462393731616362613066343139363063373232313330
63313739363332316336366532343138316335386338393161626238323534303962666237323166
31366530623338353839373339316466376165376162666636386539316536306631356264643532
38353466346632623466323734326433623661356534383632336361626439643934663335373766
38663464313065343634623536323238313131326539356635323834353130383134636261363531
38313939313939643962636534623933643936666333366539306138323263343362386130323966
38303263303531633566353537303532396165653836616433333338303765363564363035613164
30623436316137323066303563643138613163636665666230356535633339356163303630343331
64613038356132303335363633363234373836326439396133346637356232396365663965613064
31386334396530613663666631313730616466356233313166653663356337333866396561333564
61313133323233326463643461653238343131663364633432643365336634613831353139613065
30396636653162666535383861626362623435313130343631663839386662316438343638383337
39613533323134393831613461616532656432303935376463623534333333346637363931643234
36386439313664303062353766623163383230313538316366623461616332613638653235656635
32363465643063643131666134653237353030613332353035303536383139386261376130626335
37303936326362343332666233363665363063323932383666343031316161613533643935353032
32353565376266376536356135353634326535636266313735646361336663633935666531343830
31666561373233363861353939386666666163656230376163626234343331316535306537313664
31633033653165383436623666373931303266386335373764343933636363646534613461393737
34613330646465613063323162386162333134376637353930633465393031646165313161616364
66316636623833623232643338316630353265393638353338363135336639343234636537636434
31346135663134323737303638623138326366653766383638656234633233363035613566363730
32613534356663363139313562393834323665393861383666396434376333336536376437303562
36653635373139373865363335653434633332653465373534643836323364633861656634316532
30343161343565623136306166333637366232343630646166336562616663313033646637306632
34323662353830393035323163306161663031343261636463323166393861366264636130613163
38333364346162656330323030393133393862313333666363653332313137636538616561366336
36623938313834633532326134636237383137356137613862636338383362613337373761616464
30323137373534633133373630633032356234313231323666383062313563346661643833353332
34333439343034633464366164373465653233303562636432613266383161373632666663313162
34323365363361633363356163663534636437373837393763646263376439323432626664633030
32363464313138343931303534396630383963363761376131303664613361353931326563636337
62653438646535633231383366643562326331663539643765343864346266396164333632653537
35316238616433646138366364376430313362303932613935633563303730363338313865326265
35663839363939346336323363326539643966366437313234623263356636616635653837386632
38636663653935613761363333363133663937393365653530353430383265316436656133626532
31346262656163663961653235353431653232666662346663623962376163333235643037363363
30323333666134303532363839353637646365633833306263353035613537383333636433666335
32613763633961383262363431383564636638623333303437303933646134316664306530643935
38363937373135656461343464636262366630333638353234616436383431636334393932343564
30303337336632353637633933373536633461383539383531323464353739646163376163303334
31333863373933356630616130623639653363353865363464623132313363303563643231626332
33643337383538643637303238316539313965376632326232643237373361393234613235346563
37643036316438613862363331633631653038643762366534303164626437626161346663376363
35613830646430313866633038633161366438363463366532323865346662633565316438626432
62393362623337376230326465333536326238656262653732383765356462363733396561313734
30623735323432333763376461323139336462363439653066623338623833376430663764636532
62346336373934353736663064353836313566393464356536333735353135386435383237643463
64626365326461643934306435306432386264623865346264613066623435356132316130646266
32613966323538383662396235326464373732643266646162643130613766383361633534353261
34323035653432613163363630333130376162313664643936666362666137623738393437656337
34356439363938363364343964303366316462633438393531373833633638346164353632303863
66336339656639333661306536633134633463326664613165613735633262366261343832346535
32643061333638366531323738613538396536323366616161663631363139633766613538623231
32353566393734306165616262646434373035313333643439306361383361346665373662636662
64386637663563646533653261313831643064336139386437663466656539356334363363383031
30623238613066643638366233396166366235323039383631333562343838656639303538383564
32313663646532303732326531303337623039666433326165343835316461393163396461623063
32386162326136323038353732376135383861333737663465303439386530633236333866353861
64633131393139633730623839643264383066336134326434616434353336383436643331336137
33303533383435323536653832353533383434363730613066316566636363393434333839306436
32643535343239316338373064633433386161646138356434343062393231383534303165616234
62343038626431353561653134313265313638393734343335393661326364303865303066623635
63323336383237653662313663353565623435353833643337326664623465343331636336636332
65653533366239326261376333303763366233643738303030383834353238653465333635656334
35663366333763656138663834613065613336306535343066306361633439323533653230313435
36366262386134663836366233653338316137623638666433633732313961393464386239303932
38656338303138386531613031316637633962383439313431306635373035623330643836316632
66333131656637666566383737316633346465396239343831613635643661653930363837656530
33373334353362313565336232323733303766323664333233396262336235653136376436383261
62316532366439633563643234313433346631613530373935366635613462353363323862616366
37336461633239343062313738623437633431666531643566656135633238353232636335313131
36613731343862336134663733336462363233313761656166663065633066386636393033386135
62363162626234306238343435303332323965376535626531636166373833303239353366363534
30313965326563393337393039356263616262636434663561323831653438343262356634663932
36303334323834653232366331333332663065373764363137363462656334623433393861653765
34633761623263323464323934313735613536316537343937366232336439326438646562643466
66376365636166376335333865376136383537336239386638643562666466393466373963653238
62313331633630323733376633343663336561393266343631353731633433326435613466343831
39363034393631363763643237346464613566653231353232326430316636353266623038376539
33643431323064366439373338613438366538313366356362663364663931343431646262386133
36303933616635323232313035623164303736653439616366343838316231383063643331356238
37373137623433646362353631376538366630393961626432346430373530623834373333336330
39336162653765383964663463653837613535326233353435353536313736393562373130323630
62643339353361326265616336346139616234333933633838363535356433626138616238353430
31396332636165343432306430656364323137393138313633663432633439366466373833343338
65343338393164623333383663623937666364383962656234386364386266386330336364363735
36646264383239623536396332383566353862313639623565636638636566663635323330396263
64363363316363343537346462623736313664653264336332633431383063636532313134366666
61316163623333613736303439373463356332316539396136396361336463663831633738336231
61333436663639323662633464323561643666353663333162316538336630346531643232353433
31376334313133343337616562626561383439613539643638373665383665653663323063653533
34303232303032383064616366633262303735393864633564633739316231666330323231613339
61633832633165373931623837326637363930333466323136366462316231623562616232333237
63626338346633386131646134303830613338303537366236326431336664353966393062613732
38373734363936353638356366643665333731663832623834303363303434663236306637616263
30643235313063623432633033393565393965316638306530306565343232323034343962643066
64666231323739373861653930366138643963663230326362376430373431363738626235313739
37396136343464626631356337356533663062353736363339363033646239353766666233366434
39333439323438623136363338636335383433383032636333366630376637306164356164353739
30356535333664653035306239616432313461383938653138353136313138373230613830393931
38653161376336386462343035366131356461326135323139386439636230353231353835303138
62626263353439316132633462656336323033303330386631626563326533353036626163363535
64656139626466666231323539383135313537306632366539396233323832386162643665623031
38313864616330646465633261373962653236636135616131373861346163313234353161633038
38363132386434636464663061616633636361323365663430333833623463326263356432643933
62313236343838376462653061313634373266643730663639643630323665393339643665306134
38303338353434666233333835343264303438393866396531633638656565666439303437313738
34656137616334373439343939323966646534656134363161323532626631633666626538653965
38383064346238663132353235643537616164363931666239636532313939353264636430633632
31616365396337373538626237316538333565623534306535633036343530656261316139373835
62323239613663626339353338383537366130333464616238613133663666333765643638623263
66336163313263366430656334303738616532626230376236383566326463623665656434323232
65366531623032646134643237376437366431613431323762313937643632363862303565376336
34626361663764303364623832333633626565623434343436336635346534316161323662313835
34636230393165343066623464613534356264313266646337613931336635623766353564643530
64383830636133306466343736646236356634316330386230623666333935363763376337363761
36366237626430613166366665336137623561343736303836353566633261636535313664386233
30646538333864306539306233316332383530353837343134343639363235386138613635613132
36656138303131353131386464666135363834303361653964363235306436323062616161633636
62343136323833613438383432363036393861376462663332383230323063383465383734313733
36656663376536306239326231316661643237346461363939303032613832323036626534653863
64643261393036666431313332316135653130336662363762383562373739663538666637383239
61326331623463643531373463633030633231363934666366333964303666363739616564636239
34333531313162613637323033393639643462643138636330303065663936386333373139363461
64323830663831383765343563623461616166383536313264326538613465303266643430366636
65653034313237616466663163633532623363633234613333613066616262396630666264366135
64386634343533316563623162353334336265363630656238393234663763613837666237323162
32363064383863383637643962316634346231356230373566313831366237613039663636363636
31393665303839666238346431303365376666646361646261623362333736626461373931383537
34303734303761643961623939633239363437626663383164626537343339386131333334373735
64333966373636333730653634623635363661396533356564643534653465356237666465313533
37616339346366636630376234306436383566613930393162343962643238623564383762306362
36383361373964663437333961336334343335656533383866316431333661623734396435396233
39643031393764663165313466313533623730343566393233656639343261393038633633343264
34316665663165333134323733636662376536633363623364303638356531353439616232303235
63326666666366313532393063356465386236616364383431633839633631386334323339633433
32613336303564383964303733393961613966356535366239346131666263646666613761386563
64636538336135613962393138616462316534383935366632356461393234616564663038653136
35373432323964393631303161636636643863343336373037343532643062343535633936373633
65306364333265373063663931356463666639636430303263616231373136393738623531366166
66616538396231653431363031656163303763363564333866663733396538366462323034393232
61313661306331356433623936383132646238663538646362376238313666386530343733373563
64373363653162306138656536313662343632343037386537646434613932663864633461633138
31303562353536633065626535626239333065333566393739663733383436343766373633303131
39353035353963383437613162613932626165353635316235666439633133636666313161373930
62633664323334386666653133383130363334656666633736393231656236313838666634303835
36343131373764633931393332643336356638623062656130366239356635393733343837396537
62343530636430363438643736393230346162643866313231313033653334616336303331646230
37346238643430386665653562656666323538643862393234653239623038366530663532333462
31343064663661646662313665353262656139363839333931656363323162616130336365646534
31663738303439376438333061393530306630336339393335666164323264623563646335356436
38636365623264373635306635646137383934343335326366656132653630623038363539646563
33396538663331353136356139316131323161323165336462326431663530616136663538393462
65616338613730613864306366663837643364366532363333303861663731643663613532353466
66326337363130313934373134343431643364393462653530626338376265343931623833326165
37646530656439373737373939313062366337326364366564333666643335356131616130616565
35663430626662626466623566623863386464343138356361636166616239353034323436613238
65643762323064333565343239616137336230363639343738346135656332663431623764333463
39373930316464333832643233643634376338383338336666616132306535303563656461383932
63626131346665373031396333363261313863326462396431303638336465343862393734376333
32663939333934636366653532613763623236383438313137383237313566643634636132363930
34616635393031613831616537336635313430326464663636373336353838663539643137306635
30653938323239643537343838363031613365356465306133393965316466376435663431396237
66306261303335386239376463376339396437363262373662313866353165643562626365613437
39303135356631346438323937393334386265353238373830646539383563323736373061613866
37626331333237383730663230383339356139633137646239303165346266333631633635313536
62623632313639663032333364383966336434633331646166343839656162653533633462356139
35383163646362376433336536633832303362306430613561353634323833333430613465373136
36346436323238656265663336386434666133303038303065343134663166326462636665626435
63353265656334636336386338653363653337626132636534626564333231626439373364366463
33633834316264366235666132376330666262396334613961386339616231353437326134643035
39633932373363393664616333396161666530626235656661366465366164396433623936666130
33396462633536646639613938333463353238653433613139333139313735313335306166316437
33383932396232356135373237383965653832636233306162303834303761613134376632383862
39313963643265366332333739383737306237333664313162333734356263373266316664636133
37616237303132613865306263313265623964663335633435633133343662613630393263343266
63636637313134393835656131333066376366383437336263623232353531333766623938326330
63333832326433333836616137623766363137376465356238323464353737633433633065303136
35346162306261356363646562353762363132333036313430386534313332383639656562653337
38356537353230626635316330356138303031613463333461396637363332616233326161633335
66306439346530386335636233663334356432396462646338313238353333376232366633383234
66663435306236353039346135396137643138373165646461363266636431653463656334323063
31333334356563366565363030306434636538393162353230656263616434653132313130643262
66663935333462656134386365323637326263366265303263386533396334636664353161303363
36366439343964303363346664373437356364663535366565643936656437376238303166666634
32616161353434343238663739326531396634343062383931343738653137666438653934346665
65323565323566303130316166616664633430303564346431326639663338623536356130623965
39396262666433623634313161626539626163306633303535316330336335393061626430656630
34326264383466643335626338646566376639316366616135396165323531353939633236373034
65656232346266323066653462376537353762646237373631643330383634396464636536656366
36303938343235313331356564616535303836356433376362316136333666363137663336306339
35653864323863646436643635653539313934623632343964613031353835353866613239303534
64376631356134323934376337366361363533666135383062313935306664633637333434316165
63356434633836323339363630353237326161336465343763396233316261393437663062313762
64373262356130393539636166646162373566386665333530646335303532346366343437316537
38343965356535383263343637656565303431336466663166366365346263323738316234393864
61363764646232393833626431613964646163636439396162346639383539366265376366623661
39643063303036353436303739653831363337353639653261323839353233663136363965353632
35346163643462663038653066633866353935376364313832386330363665646337323034343037
36346163316534326333383464616165343935326535313839346264636637613666336239356565
61646163393432353038626136666662383839616465323630376638373636323136366664336464
37336432666633623966343464656135633334316561386363306335653439613631666363353565
30386466333638613433363239363036653834393563666666653237623137363366313235383232
35613533623230636336646134393830656333643435376536386363343836343337623863336630
39373762633865626563356232616339613630663939633332346433616131333863623361363239
35663231666633306561393438323362373531633337633861326631633838633035613162373234
38336533393565663731386137636562613062386566393734373937666665396635373837363934
32656133373638376637383035353634636231613566623033383732653536663430636635343233
62363539306538396335353662346536393432306361393435653530666133363935613963353639
61316239366266643639616165636137623561396139653837633264306262616562306262356465
33333430646234323136616536643232613861386164316263623363313830666464333162643930
66616435653039316162656537356535633239356537636163663666333866363265386565366334
30346461643166356539633130323864626435373638376564623562646537366563396237366664
64643463373430643837323561616563636634623365663465393936336630303735333239643364
32363738393265623363343730656538653863383739646365393864366633626663636163333933
32386235376666306665363335386531316637643366623138353964646633376566383162663865
38383435366166366137613432386263323836373138303536326336346536313364633032323038
35393663653463633631633036653635373965343064306363323134356163306337303636353362
30316430356536386562653161356139353739316436633538313533316362383862363439383263
63323037386662346137336366653539356430303737333833633762333631323666613135303463
65316431383731663664636133356434656434353734346531663135333732356136626239363162
39626261346566373435346134303066333736303265326633616139633234313266393637663661
34386662363639313965663430633364376465383939353537646437376237636336316465313463
37326532613730333339373132373834623034303333323336633164323932613834623364313537
39633933616366346665613134303464663630663537346263643636646166393733303933316330
35353162373534396263333936393164356236336163366539313962633665363037373335653834
65643964613465656364626264663835666134353862646638353265316539303862306436373462
38616564306232636131333664376234363864623232323264393765376639616638333262623931
64353831336135626561366536323133623032353837346461383665366234633163383539366461
34303137393464613265313032396230633365633930346462613661343165666437333434323034
35643964303636343332663066653136643936376362653232386334386433353732336536663238
33336266396233346537383332326565343130656533663366373038666332366134636165343739
63346261306530633238373564613963343532656364626162366664656639343561366363616335
35326365646338663961366661643231666434373931633461363666316563636363653636356137
39383336393938303338643566376339636236616130626133396163666265356630633134636366
31393537353634613634666139353861646164326565336663383631383435656135346234383464
31646533623230386137333761623532663036306630613930346437306262316232653635376238
32393563336333613531303366663262373266333031353233366638666131373838613565323331
64633562366434616434663531646562643235303261623265393835313035613866383233303834
31393932613166653839343263333132333861363965303461393633336333373832326330396131
62653539393632353136636638323634386661626331383666633535663135346332336339623836
65613566303932313330653737346164623561336635373939633037323132353731396462383135
64346539353264643166306636653333363231616435663135643765343064653334376163643566
39393738316433613866376264313733336364323661373134663930643932653735333463313831
32373962363536313333636539633734613036373337363663376138616632643934363630356431
38666532643462653065613233313839623463323763353337363665613535336436643834626436
37336431386161323461373861393831383737396665333531623736646265373733663632396363
39363132623566386436333037383731663731663364356434376532393834383363663736656331
64363966643362613530393734316464313236363831616437326333386332623565613837303733
38396665666132353563653165353233636239363061633466383366646235643339303337313739
61343739356539623532633238393931356563373763353965646639646163383835333939623066
39333331353339326165663536323832626263323264386539633861646363656635396335633832
36623062363662343164633165656536363933653634306464666661623830313237303234656365
63383634666336366438343134633838613734336137303539386536303334373037353465313431
32663864353466653566643835353861653233323838306164623438323639386162656633373836
35626639396162646438646532646639626564653936653165616633636336343338653766653964
33626132653463393836343664646232313862313838303864383962316430643334653266353031
64643332363935316435323263646434383764616237396334626566343035303533383661636539
36363564613833643264316433373830663662616139666264356665636639336534633662643366
32656638336363346233373533353130356330613638393932636339363037663166653732663665
37313736396363303861346633636261616565633430383330666239363664643633366535656563
32623133396135333539323534336438373935373835326366346639313761643832373035343234
36376165666131613137633163393830633730323036666336643636373634643866616630376633
32373336646233353262373433336437373436666366396435653838316531656662343133633031
35323630386565373463616363353730643530646232333561353233613034333264656135653334
63626364383230613234626265396166383031613032333262646634303065623630626366343131
63396664666461373066636539303239346561623433323435373739656339613764653863636466
39633936616532353930313331313265653736653434623431303666326335636139643336656463
35316636343065636165626333663437393430663931336132363836623464336433623365336635
65386330663939333261346631363036396438323461363965366436626338386661356334626364
33326535663430303066666332376238613463306666646432306338316537356532633365313163
65623935306234643630363062623665376666363630323864346561656162383766666663366432
36376337393432663739343465366433303332666135316665623237353531366165343365393230
64376562643966633432366364326537646661373032643035636338396164343636343938333764
66323362666236346339386666373765393434643231646430313363636130316162363731396366
65313139383037346239616633353838613765626437303030333463613033663535303864643838
37653331333166616131616133336232393662636431663831666261306431336633633737316461
38363065313834353665393438656530336635303234623938396233363762643932383038323339
39633331626333353035366462626238303439396664653837316531303231656236356262373438
32336266646365653131353462393061356161393637653532613439623439343665303961663065
61353037333961666232656430376235626563336666623430353566366431356432363965636666
33613237386562633337643535376564646164343166373238653538326161396336353136666237
63363462366565346364393539643632373165326263363862333564333164643432333766663866
38643863313139303435626430353934393866383839653664343530323866613263663763366339
62623765346336353430663964353466346236336130346466643138313237366130396137343432
65666461666130313830653661343430346337613137356461666235316462346566356238383136
33323533393030316534393731356131316361633865643565626131636662303533313235393532
34656461363163636565353537376365646337383130346235396238646533366333306137336131
37653830663536386261623632363761383639353364616530363335636464623334333561313937
38653766636138356263326235633465373463323064626236656136346165343866646539663930
34353233373962366365663530383533376363396165626334353265306631306430613266646133
66666336633035333930366265306563333862383763356132306663356364626466643836626233
62626339613932663331656437326536386662393538626632393266343262383761623235613436
39343063306135663531666262343131643832366635373932393430333132326336386333393932
62326230626132396663626133396364663033313136656138656233623139313436336437333535
32626632333063633632366664613935393136303332363731396436643635643733346336363066
30333863643366306664393937653331653937636561306136663963303637396264353831636437
63613262643964633361363563393431633238356364663462393765386231303739316239306238
63343333653739633365646430343765633838643538623832323766363832623935303837313033
31383933623431313838313638646164393039356266656665613331636564383931383566333465
64343936303335343536376137333665383762336535633038396531373434323061643230636639
64303363326339393766336135356361336339316361626438666264656663363432646661613332
37396163333664636637323835313263386230663366643963313863646461663334306364623861
35303138386161326138396136343532316138393661646331306361366361666639306265303162
32343264393466343934633236636632613131376131663932643262323164653930333537646161
63643735323361303463343637346639333336646266356430613335316636663435373537366437
61326232656238336632303535643830343261633436346162373561643632313037346334383461
38313265356638333534383035396630356463653163366333353133346461306633326364653039
65323561313639363436333730366562373964643135333864336330326535633539356435666339
38613537393236633263666466353363383839316665343665613833363465333233306561336564
63373431613932356239316636373132646335666239333932353537316230313635396330316534
64383039386164666266623534623733373665616536616465623338656430373666313939613266
66343565373637333730386466336631616331306137633663666636353336326465346561653034
37316462303634663262333235333036353466623866386631393535363935363232306539343736
63346231656334343466636264323536643137643031346138383139356239633938636161323065
36643865386131363739373962613239623138346665666636643034666664393433663533303938
32613064383733393466343738333230356437623734653436626630646435383134386232313738
62653962313865313431333761386336663231396139656366623230383262366465656131323361
39623861633161343563396262306564363131626134303365316232313661353537353538316231
66373163376636393066663432303264303165373866643537663764346535613561353334643132
35616562376461653865333730373530323731616539366236336366346466656232646636356364
32636661333863643337353034323161343664653262653339316634623562363938376532346531
35656534303665663861633164343963343966626263663466333630373733316637616164393534
61313163373362613264353366336133373764333638663930353638363431626130323331336236
33376334636361616465613466633335656466303865306437656630336430393761353165616238
32356261313562666461306666306536643464373531346331666537336265643236626531303363
38316536303762663166336266626234313333333936373131366337666530376339316234666563
38633365393261656630616132653435346431353364393137623063613031653736316137643665
63636136633436376135623439313933366334343362323336613930313462313333646435653431
39663139653434646339613239326561316265373163636564313661373864316532323163303732
33306262326237613064373561383562313966333334656533653264623334346339646131653166
61366532313739316264336131623132633736636430636431303230313534323139353938396163
33316436343463353739643935653138316666356239633338653261306462613564303665376235
34316163313535373538613136326639663662323733363830366435666564346339636638393031
62643964333538333561316461393030303138643766373233643261353435623333303939313766
37623466396133616365393662646238663437376266653639623932336631346538333932633562
33343530633064306334303363623634623438393539363834336539373635323732633430393435
32336466653331333934623866323666666166326231343362613563303561313334316437383066
37303338643061393138383630386234636532363963363434643266353366383464376533363631
63346163383737656337386464623736303165306430636534653761346365343137653336336133
34663231363230363131323331343939656430343338616663373665343963313039343833343134
35363064303066616630326465626530653239666532643539343364653337613337633031386131
32643363343230643664346665616437373230643861643861303466623931633037616630343932
36303166363433323537313332373437316666666535643265356539316561326564363463663932
30383830363531356332323937643462396339383632373563373938346433333462316166613461
37383334346130393337626164313164303561653562343031663038353966396232346165373739
63633539336666383936313664373439323138373366386631356534656330356230323365656338
34643735653837623561316233613033393538303136623362343766663832353039393435326136
63633561366135643863313565663730633762316566306362333162323438636633323435333662
34353033336334366132643830323332633037376537623965366230666432643864323565373432
63613965393231636333633664303065626439636335636666363332333166666635386634633934
30336166356238633264343435666264356235636337396535313938653265306165636539383933
36616439393764303438346437326335663635303834663639343665356564303465656133363737
34383230313536613631313066666564396461393662643135356665663637636163306434653466
33633336323532663239366134396235313035373437323563333262343036393831303731666465
33636139343730666437346531623163313562626266623665626632313062663133303338636230
38666430383065646561653039656436666662303836616334373666323439653664383133653330
35626439353137633432386664373737383735666538613031326138333562343562353230373730
33643562343632653266636232663964636539653535653236376162663064623861623937333734
30353439376361613062316337613839323935356237636634306534333362386235333332646337
34383636363336396533326261613630366263643465376564373135616437306431633565616533
34323536363733373062386266316330336162623866666463376638353235363331666135653837
30316435663732656262363962386463303562636363386139326366663839613265373738346636
66643730616531326430313932316434353939306134306137383965356163383035343034653862
65366665343063633131636134383133333836633134386533313464323766343237613037663365
62373762333632333438663834633233343932636364336164393364333161383465336432316137
63656339386537333866303537373037313364663565326530336464643036343464653364363030
34386232656237363165363664366333393837356531376366336564656436313832313164363237
38363834326638363637373662313536326565363566313339313135666436313439643764393030
35343938623233666136633033313565376364333437383563396138316131623465373637616432
37316165363239623762633135636638343432393462376364613432353662633765623432656164
32363534656333313763613538343639383735313739333137346464323836333236373339643865
37643166353061356638633133383662643162373931343838623439333733666538333362623531
37356662643637373938643632396138396665336239653865343662363061656135323330333264
33616565393937653863646436393032383964356238316362366261633130656538346536313834
66393231323465366335333263623161303762326539613266373330626561633936356666336162
65353836613538636134376338363233356235396363336366343635643066396638633864333662
34333562663234346161613164646332396337636134623334616363616165323537373063363864
36633239383266656238666539333831643334373934313637303236303665366532363538333738
35396632613233653537363830656164376262366464303738663037663937623865326438616232
61366237623837356232643031613262663436313030326463313137326266646566383264366238
39303539306130366639656533343636373130383730393463333662653533343463653062333165
33663862633038376364643938373962386638353935343932666566393539643863376534316237
38343063333564636135353163353866313266656339613062613665316565616630333332633331
35326234656539613932653561373736336637626634306661643138393135646436623765373932
63396433313164346665396430306666393662656532346133633135626266373339383233346464
35663334373137376238306263306135396664386566396534643033373664613739343636633738
62663533616238363630363263353233366336656538363361623830396633303538626633636337
36386163633930333030333130633236306362623831306661353962666364653734666363323538
37313435323361653836623861366131306164386538313866653939643335663466666466633031
63303136303833393834663165386332333930663062343436333936633835616232393334626531
65316665366662373566366232653266333237643536363636366234383166643135613039303631
32396565313365306437313737333734376333396335633764343633363932363364646532656237
36383031653033663231303966626137356637623733663361343065386562386139303264323062
30383532663930356634613065346365373434656333363235653263343261663162366333393162
35663663663863313538623536376537363034646566383461663162346536323236643439613731
39373065336435613031356335336665356464616234303461613761303462666339633137366562
37383666653932396363343331613732636462353935323564346631376562303539326664383233
31666532363163303633616230626366303837643531666639306365656233653833326561623261
33373737313231316134646266373637316262623865353030383163623437326137316663653036
37626139356139326336623565316439306232333333303839663765303732363039316136333463
35616436623637323931373661636434396562346434383335313961376534666364623562376130
61303566343664356239616261326134613032333666356463313064643336623262363761313661
39666637643337663538363535393436663736623630323964326335646662633633633734666131
64363138323639373238356366613033616635373635373564363333336632363765346262633937
37303265386662333438393037333065323465383338663739666136616663396134666564393332
32383964373933616432616366363136303736326135363564346237663836343065333064666538
65646433666639633739636565646134333166323837616231323331383732323039313264666663
64386661306333326636306231323631393138623162653265393535633732303864336161333639
39326636313039393737323334663836396134663036623732396264353365613965396235303930
31346365653737316332386663646532336365393437623537663063626339656334356331323038
63663733356138613562326331363339393264336437303239303738323637353134303833313937
64353462633865306535653035616631353333326266323865653932323062396538373535353939
64383433656331306330363238653866373737613638366533363233316335373063623330356463
32656665323638333039326634643932326663313035636232613165643434646639343861643366
37336262656238356331323331626634636563393133373862383964653535356237383962316138
62623733313934616362303165343066633866386466363037336237316561346238616665633938
62363566633839663239343035313934353530373037306632613861343364663132363036353632
38323632316432316665633064363061656333353637323239353632376135383638343335306333
35313839323337643932386266303233303363623965303234666535313530353462363764373331
39653437353165323537343265653865343632363535656633323531343731313532323235613631
66653162363763333032366361383639383535396536323830643166666666306232383262666363
30363234623432626131393134653439363330623938633634626635343139303061323865313237
61643135613230313762343734663763343436383539636562343565626339663439663566386263
31656338393836633464373863366362366130386433346635643835396238633162653162343630
34373638643934313665326366663631383662363730643131303537306538656664313932346630
32373032346139646137383866313238386561333531663165373663346232656238643930353366
31626534656561613136383738303935353531333830633137373330626461306334363533616437
37346537306666373664336264663563636334633936303430336431316332633437373633333464
61363435623562306239353135356164373435623365386366363362636236323531633132343262
30356562343461303762633336363034623635636430316332613031346134356666396361313338
33633033326565653131353139656338343166353432653638326261643166326339356462376366
39646265356137373338303938323331363836653566633866316661353132636331363763653536
39333566343164636438333730613331336461643466396135333032326433613133653962396638
38643666396637373639373632616132383565306539646231663464346563366462633266303861
37333864323765333431303734363937313232633736656135633330633366396333343364633562
38626363626437613531376464646264623863666330653263323531323262643039623362363630
38363533666462346266343531383635333061343336646633323136643636636534333633316339
36373863353564636431373337656132646235653862343339663035623234326537616661303033
36643461333638643938326130336636623366326632623431363932333462323063336133653464
39353434303163353830616436303031303335393566306537663831333430306237656662346538
33396433363039626465303239383332383466363265613132343833363763653533613132343133
39623635303836616431626264633532373634316337346639623962376462613032616565316239
33643462323933633166623963396262303639343535636463613263613630356337346462383135
63653462396231353238306639353637623236333234626339336336316136653365376337616562
33303135383163383639633635646439653162646438353263613233663639653935646535346433
34363365633335323064366333616338623833376435633037346433633534613566303166356462
30383637623666663966653166613038613433633931333163323039653766633437616530363662
33613465613531643566363761316366386433626164626364313636653266373231383439326531
34363361643563313335303936613230373863363839636337623034666665616634306162613930
30333834323865383436393439653661616639343138356636363661623864386665633831343432
30303334313331366361333631386331623632656661356433323336656537376332626266306566
36353235666430313564336339353663323934666435343332316333373361316365356331643236
31633331383465663234396333613439633862353062643034336332616337656662303664626464
38643136336238613636356261626338333633303031363734396530323931363266623733613732
33383439656338376239306237646233383866653431323939643639393630316565373236396431
39643835393331643337346539663030383239323566316363383864313331373635363739633731
38343031353866376236346466396337623034663336346534613161356535343065383135636462
30313961353033313531316238613235653732643139616332616561613239643234616664663632
30316261376333653162386437323938633866636231343265313565306562616337353833623932
64616161653266623166366663316330633730316139326239646131316638623730623566336663
33363330386338653236353136336665313366303962663538363161366462393238653565613934
64613630326431613962376265383465636134623066353066363231333635666662343233333566
39613333306330623232633933636432386665346463356462653739306266313132653661343666
37323661613834386266613261346435303162386433633165643564643262633033613738643166
37373831363165653836656361646431663538373932373865333563663265303964373762666238
30656437633235626533333464303264626137656237623966343038343862323262373638356561
34656463636434656238323934303562313530623136313734646661653235326564326236653630
62663833636133323438346562613064666136336662626239636539663831366530373633353034
33633362646236343631346634626139343664343061633965653431353433643136346137623335
38666261616437366633353663653664316361383532656339366539363339633561663635333330
30393537313932323463333535646466643335343938656464373939333430643535313736626462
62663332626234386634633039323135373334626330316639336564623663666336313936386438
35346633613533353538666565363236633137613763666264336565303363343463626265643362
37663865333365363264663964343162313435353135656333326331616465303930643464316262
32373938333637303738646632393238363366333863313766643434616538323365393665353237
31333630306165353263313633376462623364376436663531333530353865316538303332333436
39333961646363663032303033633365383762383066636335326137303739393632303830646336
39396437383362353062386663393338376632356661663939343738313962616537646135343562
65653061333365633962303632386538356337623931313637366638303030356665386563386533
38373365663936666464353636636531363835303137663834396661333263653332363130336637
32386565373561343039316635353931373633666364376262643338393330663362366338366164
61323136613363366433316630633261356362333964636366616335323063396139643764326166
37393766346566336165663563663131633132623636393133356230656235346562616566363463
31663038376532363539353131663734383666353234396535363031613633343961346635663964
63303632303332373739306561343130373730353230343235376361343265343735356564383336
33663631626562323633363537316364613933343361616233373539633533353339396661396130
63386134333465393938306432343335633137656439656438373963376638356635653534303033
30343263313062383164303164333035353033383736356561333336616531626136356138663139
64356535353562636636356539313463336430653939333032353330343233373134643835336134
38663637633630356634373465373039616564323865623930616334623766393463633137646436
64313564326462666165353338393831653161623638303063346133623464353165633937653630
34396435616532633231616330303935666530333237653563363933663436306233613333613763
30306233393736316533333731396430303864663164306562623032646432373338656132626438
35346561616565346361393536306235656333633733383564643966373866633734303261396332
66303336343737646636393561363536393239366530356366613235666163626465646331323063
31363238353036343131313235336434303335663363373734303766316634386166393533346433
31313839653162653735373237363465383566363837353938386231346266666133323839363965
66373061333765353133343731343534616232336630623936323861386438656639393530636536
33343066326631656531383466333365666363396439653764643463306438653135623865303135
35373332643766353437303961383030373334393430613830306566343530646163633133386563
31663461333239393764396139663337313230653961613833363263393230623366656166666230
35316266346634323865623131656630373862393466333439343930643732633034373538633334
38346462306466393466623138366662366564623637383066383930323464306636653261343433
63356635366231623332396539393735393863303636356133653933623732616630323963303536
39353062623836323163343961626632386434653731333830663861396263386438643932356363
34346238333638626432613235353836343664333834373161346235303939656166633336633635
31613964333134663737353534313665613766636231323033613963633064343830323531646561
64313734333762376537616364343837356264333461326538346664636336336238636466343562
61346163646239333663336161656237646539353034383664306132633732336432393033616236
36336335333462333566393338343438646531336238366161663030646135643438396331316561
39616534626539343638363433633432626432356431623939333135616561646539326533363161
38356239326562303162643730333238303638323261396231633732653531396265353038643162
38333239316331316564383033333462623732363861336136643666633762333233626364306539
65643363646465366338376165313164346135623536313530663762333066646564616335306130
33353836323530326262326366646638356436646238663061343063363437663838336665323361
36333133393764373135366665376337303365663664356636643737333137353132393036306235
34353565656163313264386630333061326634363765303638656138356566346437623465386133
62636164373735313833323564666531653233613264613931653637333461396161623131613536
37363838396538376162643161363430653432613933653836653933303533343138383036343063
62386632373731303230303539643032313364313135393964633337653563366364376630363030
62353039643138376434313563333237633431313535376235323836333635316139346134633938
66376535396364613136636231326561383337663866393838333238623834363864626263663036
31376333386539646463653730326533336430653061393032653466306131643230363130346266
35656235303830376261313332663966646166373435653234313036663131313165663631366135
64643563396565616432666138663261363236326463653637313063383232396466393934323630
62616137336534336635316138643230613637323631303334346363336231396666663338653031
30316338316130363837636164333739386137333032663237356538386139643061323138653330
61386663323130363638386632636265353365633435303966333035366464666461396163386231
31613264646465623635303733616564336435333161326638373230303631663532623864626136
33656163616562656439396434643765353735323336663731663634623139333464613764356462
31313965623437323631623063613737313162343539623561373737343238363837326634366438
62623838633831653935323734613031363935663636613963376565313631343064376134343261
64326437333032643865356365313732636665346639313436336234333330356461613534616432
33383234373965316664303035663161303161656131613537313763346431303730316531313265
31643935396631343964613464643065623764363562613664366137666232613735653635613439
64326137386530363238336363316532373066646239626432343964663730373964363936306162
31623930303331313731353735643965666465373138643661646266383032386561616231373734
35656163323034343437643832383938396434653637646238643835303739313562613237313233
62313031656131316663376162666332366462303730336363323338626531383432393833646137
37313066663538313138396336643733346438346163653565363735633034393230616432306639
33643162313838333036656632633937333334353731643861386163386538613766336336383564
32646135373738393730303132643365326339646431353663303433393464383035306630313539
62336332316364653238353161343738313433393364326131383263363436633731663236376332
30353965346666376435316437363936356265343865396166636237333461323236626634376632
31306533396361393462303435383037656434396537383736303162363331383463306135313032
62316538343362393634663964326238613666383165646531643736323634333765326137323862
34333663313362613638643134666162613162656139633363336532313137373637333532643532
35313033356430653930633961363661623564313562363233643430616539386331626338636532
61666135353664356433393333633835353038383338626564366563623461366162303465346335
34653366326638363665363861366661373163306635363265636335313630656265636537366538
66613937353235623761616362653165306463383930366339363737336466343432313463346535
65323534623533383665386432646563313964333330663761663366313633623862316438306234
65356330386136663632383962656430366262663135653032636435353566376234623436633563
31636561633161396563303638666236383331636566616162333330303632333635626161386262
35666532633035646336363534363531363763336232386631396132373333663936323261656638
61396234343063613834343662613366393838643463313030653435373436316261636430383133
66626361636464356436306462363038616534383464643666626638323564646132346161363835
62303133663932346637306565663363656334316239623832663336373339626135646134646530
35383532366661393135373336343532623562643638616139363137326334366237386433616266
64343736636433666330656466323339356666633664636265363737336663323133616163336531
64353236313566363839616265653166383434353633316233326265336463646365663964326232
34346661623230313338626534346166386230353334376663393331643030393864333863333238
39666465613238313363663234623832353535363738616532383364336139666237356430366364
38313363323631373933336562333466363565353531666137373737356335636537323135346537
61303538623166323366356265636132636134376332353537333636626565656236316233393335
62613635643831613039623861363739643434313864643137366433373065363134303737396434
34623635653666366163623464383431333961383737663033326262663765333136366161643431
38363862653335353566333633313239616139343536313034306466656565613161363834643666
65363138633032653266623562323134326531393862623335313933343534613635623937643439
63373638623464643336633062393232313164643235326534623930643236336634343431613863
66356366613836313366663034636536336538313966323731376166363562326438663832623232
33316334303566623232313135653734623538666663323834623063333130656335353039386431
39646332356432616234343566616539653231373138613762366336303936643061623630626463
39396532366239623232313461376265636533396664616166616536623263303064323533353262
63333234666365366565643033316531366161363338616236666437323736633533333238616232
66333137336333366631316231306534663535666537623932333437333830633939623434323963
66373033616633386638303063343931616166336432306139653837613731333362613264386634
35666665646464343737393535306439666363326264333438326331663239666462626333373433
32383961396535366534393439653637353239376161653633383864633066663831336636356362
32383839303733613736646331343761646130383932363563626161343333343762653662636663
66353463316163666237636234646630653030323538646564626563343161326234316635386664
39653237373232643832356233343163373733636533663232666664316663366136663562316635
66386566373061333666363238336530383734653139663236626633366237343966343539643535
64343763353331366336656334353464623064383264313635326239383561383333653438643138
39613233663734383965363436396464383163613761313837316433316538663333626663326561
33396533333833393165376462323565313636316365623935646261393963383133353464386337
63313365383735326432373164323733666339326134656161373434393336333532636563643563
61623763616465613836616364393830663738333861333534643434313862323466643531653861
32383436393666366134373737666531393536303535313839613838303561363436363737393966
39653763663462373932646562663033646333613930396637643864643035366134323564326336
65616232373932363065656663303666313334613264633765623336666662653562313764623862
34626435356363636431646361643864636132383239306638376339366664336237636334393162
33663363383161306562653232316465363335623462323830613566626632663763343562393238
35636631663037623039373538646564623833653437376630333864326135323566626339666466
34646663343363653333666462613164343365353736366536313966316436623563313637383761
66346164633335333837366532613031386133393463633463633565653766623663633933626439
37386536616336383538653065666564333962336138663837653139393638383034306537363432
66663536356332383965656162346435346461323032353437383838393738643733313961386538
61366262333030336239326132623432323166366365373635633039633839323464646536666432
65393433383335306562393431623561613730636536323039393865346435656566643636323237
38363538356363636538393630663062346139643533383562336637316430643566616663643938
62303137613764396662373363383962616430353638616130346231333265303633376636383862
61643361613834383530393461363662613864313130396662343466346462646431373030386330
32343433326531633763353539626636363530353064336539643266633439313165333530613564
61323034313433343237343264613639313061303135393233636531353539393130316632336334
33653765666161373437373832333837393965373462316231393039323832643961333561656434
37306131353537643531343234346462356666633761396166613833663838333162336333383065
39323238323964313962343232663161366665656234323262616662333334366138393739313465
64373430393333316232646432373435346133383866326634626330366265623533626133383237
66636535353835356632313564383166383039376132376438383731386434383461623630656164
32333938626437346337313033636564306139373633373435633436383830613337333037323639
34666531343361383931303666353538623639656662356538393838343265383530373131393737
38396166623066663835363666303866376666376434313336623662396566353262333138393964
30346534343862646538613231636133666437356664633066326533663362356264653938393736
35323434323066653333336261366535356434386536666161323537323666663162663631326333
34363937383366613461343562656666306438356538626366373238613565363132626138313063
35653634663037336532663862303264396530653334396664306262636432343565313466396332
39303034346665323762306239323661343937316133353434616366306539653538396137393639
34626339636364623039373933383134353830386664633930346131376432353261313435396234
37643364636330633962303665663566346363303332346366613534366330316464383463316165
65376636626633653365393031386465646532373233356162373538383161306139303464666661
32343961633034396533376536326431333538663063393564323936303633643537646136323232
64616537323236623163363366656333323663653732663434653031646137363239393731636434
37633132313832313966336665356362613165303837386162653037636630396435333439373966
35366239323835313335363735653435316163336337623661653836326634366439623065323264
37343261383362656134316664356438343364316264333930323165656664663037613539653234
30333561393237353237373161393938356532333666663437343832366130353761616466303733
63313933323635313830656366313236393062316137643135636566613534323336383532353932
63633235643761636532613866383962343834643831376431363330376165313565646464346134
65323263636639363935623437663066326431306534616233376561653833373537663939336166
66633664363138393338643437356133323261613039336631316231313836346134366166353337
61643035663636643566366435303334356332336230626531643938666165353833303661386539
61623933353630653138336362646235373864373638626637633163303063386164363137343039
31373465313136663836303564333666376561303162323132383562636134383333376262346234
65633064386563666561643734646661383234393634363361336461663031636464373935333335
61613564313366333761653764366461316435323833663035616135363138626364393138666530
66306133636265323633356266333065373639636165323536386238363537366234643731383339
33666336613835643965666432616261376334643263363361663162343930663964393733383833
62623636653664326231343364353336663964323030346330666638356239633536386338653561
61373734306333626263643531346339663764653166383239316566623963323966313237616331
63623832613237616263343864656663343036383330306238616166326536613262373730383962
30646432663761303538346230323933316334646262653265666337376339396532656131303162
30373466383932376538643665633234326434393935353030333036316164663539626664303464
32653361633066613336663937653538373965323338636330393133633565353030316539623762
32376537333435303333366662633831313261666335316136343733333961653065343031336633
32376561376135316537313137383364373531663334316335633762326539383932373333646561
38646337643936333636313332633732613864626364656638393662666437376132363963656532
33323432383866383033633263343530333536393765333932313365643563663162663630363735
64616561396132366665363464383030623361633735646462373037313462616230663430333662
66376639303735366364323432353238646363383764303130343661346561396539323934633934
30313630666330363564636664363836363961366432343565306365633461316131663436616633
31316363343939316133353663396662343733383535373032653338336230353465363835633438
66306366386238623636393065613131323363643638313134633433373137663463393039313337
36353732356439666531623966626439353836316631663233326563396438346362356130303737
31653766376336373632313032343338383939653363363865316566306432633134616263373338
66666633623034396237343863363663643539646365613034646238313937323163343739396465
31316339353735626437653961363839633131326439356436643965633439376237376133373737
62663463323837626334626538613865616235353331646266326666666136356166363461323664
62386432616437663361306531643934323338323539396234343263303632653832653062653237
31316632306139623331343831646234386134633539623137356365376231613131656134356366
30663039343662636461623031373331323830353131633034383265616263656634336530666666
35323665323764323866646439613530383336646634313632336430336163613731366264333234
32393763396135643637303563626231373162623634623866353132636532313664336365663163
36373064393038386461393032653165326635353831366565636138316636326462393362313238
35366134313737373335636162353765653263313430373563633732363866643364353061386265
63393831393830393164346139393766303463646335333732336162383537373266363534393961
39633265653161613638323232613435626361623662656230336430643832616537333534313231
31353166396235333432386662366637383761613936633331626337303730323162396262623062
66613162316136663761616265396161383138363131646336656139633632623131383564313331
32346361373233333533643864363130666239386537626663343135383866663863393734373132
66343836663661333565396231386164623763636532356338663166333364363036336235623337
65383066366430623335666233636432613830633162366533303833343063613434363866393039
36653761376366306434393132366261343338663664343535343931613665613336323733366236
65383231303038663037376164643934306433613736646232643534396263313035326132383261
36313434396330653066643362373336383933366266303531616237326331346435383736653465
30386464373538306636343634626432643233376231366236383763303764656132366666353936
32653233366531326665626533666164633861393362646333623965396336343763666131643262
34343730303461633065353264373465663038383434363966346439323030663637386162613061
64376636323634643730316137643236656637363234306134663030633831396538663465376562
63626233353839643539323732303131343931643437346539316233386162666566313839393434
36323031623166346538363064373036336566386139393136363531666530643061613136376463
35366631393963303738346535386233643334666437613737643864353063633436396463303636
66613166376562383966333366613532636166386336373962663633616131353639393934353239
34346633633832646163343335316136636334643335323934663464343462396235363131623761
36653763616435306133653864303737336237386133356562346233636561313132386134306664
31363662626463633135653861643331623962363634313337383333326639613132353065636535
61653039666134333239343334323333653762653438336665356533363362373130376634633930
33356238626137396336623164646433663165376562616436363930623332376364623830316432
31663965343435643331383062623037653165623562316566643538346533343930376566653932
61323965333931663336326363353262363964356236633839303862386564643437613230313464
35656161326134393965656361646136326336333430393266356430316338626162363038346533
30386465393964316561343439646130623563343666643963636135623439373166363762383833
36616166393330356630643832363235656266653961353863646561636132663762323661393563
32643032323062333866613134383630353936623630383563663232653064633763343436356333
65376432356662653437316364613161336638333862316430303666663934626266633432313030
66313738363636633665633737353336633638393562636437666661653630353062356638343066
39663963626436386338393066333533613162643761303664646230643036653466396264386330
33343337636439336238393339366534356638323766333534303963393739633264393461386566
34643439663461393761366434343132343865613638353463396538346433633436613133616539
65646566353765313837646263626363373461356166303263303161323037653264633031373463
37666136613335643532393837303433623764366565323638393232386434393931316564303065
62353261386464366435343262346164383232663834356539666331353930393131636361353066
32646333643265353730663134313362383139313239346665326562663662313835613539353035
33653632613235626236636261376336373734643636383462633335323131353033303034616438
66313237343966306263663330643162306530613238626166653064633561633961326337316166
66373064636564313037356139303765666262376164363439336330623361356134396231373166
39313463343366373263313961306634396566303666613539353331666133333037326432633865
61646666373964393261646434333365633032373930656136633133356133323333306633633630
34646264383433663036613762373237663566653835363462306466376132633539343530316564
37316437643334633835366264663738613530383266653864323763643832313634393432303830
62363262303063653531653566646662393833306334636661623365383031626163383133396435
30353039356138663738373034666130396462353865326337303533663762623165363037633734
30333532643762633462636235396432333635303166393636353830376433353736343133626636
63333438346433303431643733326138663536376636383830626631353837303266613837383239
38343363323838666333656563613836316539653739653135313036353532363531626438336665
30336137653432643730363365333962343737383032366436343832393536313135623066376638
63326161373064363239313866663432613734353861616537626264643162356561343431383761
62356138313833373337386265616561663731616538663063633933623664393463373835353830
38646661313131663262316661626636613037373932643336613631663133653132633534316533
38356265356131336331303435633663396263373032623438623035336564626231313438333461
65323265616632613761346631373761653534363935663137356235666334306434343936353736
61626339363133663238613334343537326238343037663936663332313130643765363034363639
63663336353138636234333566656439663863636230303031353034383132656663653232376666
33646261366565626266376134623335373039346339636338356439643933323937633439656636
62303330383063663330646632366163346632303431316436383131633765653361393838363637
66623333633337343064363163376239646536653533656263373366646339656462303462363431
36396234346333383038636131613135343035363962346261636633313733646437626363643361
61613932343962643233663434383462383134646562336162653931353036326333633864363531
36636437393135633665313739326133656339303735323734356334623733663562333365323163
32343135353938653739376432326563623332656233313336353432656361386336353165313265
64636531336634343736633532346437366132383236633538353337336239313538643334376136
35306439663531616431316137653463633762633033646232633338653434623761336233346534
61353038373063356266303033363162303162653763373638343862366631366364343536623734
64313430313930326561306330323130643566616465376131313235393534356264343338393832
63386266616239623631613836346637316263383865313865626236363435336166333639623232
35663234393731306434643332333431363938333761336638393538333861363662353238363462
36336236633562643364313334383966333431346536663162333435666431303263626663366166
65386366333433663038616165333662666333366633613938613839333133336239663165613464
35323763366539343435393139373136353236346632663665376237306365303837636436373763
36313061653564636639303034663239623863616432363165316431633338646263363366376361
37333862333261383936663464656138346463663536656435383035376565396466343462653835
35613562633633666233306464643430626530626361383838636532373338616438353166333334
39303136666135626138323762313033373537316661316463363336666233636566326634326334
65383833383530633838623664666539646236336666623961303433613436336530353666643163
62373861373361353331646564383434356134323163376530343430303563663336643965303438
32373662306262376632666438343532633961616266643663306634333332353536333261363835
63393162363065643239353664643965386565396662666337346164353861393135623433613065
34333866653137363362623666376332656234333933653239353133326131383236396265366330
30383033663834306231653131643839643331393564356162613733373738653631396462613036
36646430626336623431363666666366373866656565623665613161323734346437633863353765
33393439653461396139353461363136323938653833643762383931663461303565353634366161
34633462663866636133326162326638306536343331623931356237666536383861313330303530
62613231623636326633366337363339376434343234623164616365373365383939393863393832
34313234353235373231663931616233663561386135356165643933366561656331666264333662
39653666306262636261646338396362636361303334616234636437376262643532353566326137
66346139643137363630366638656438323632633336643061326266306636303763656139326430
34663735653566656264393138373139353236616166373666303239313364373661316231333739
36373261303161646532336136316231613834373432383061346636636434653866353931346361
64386165333362363731626436333838313030626563373736376561303532353337366232613461
35343863353164366334366337373635393433343465386134353535653631303132613730663833
32333639303762383364663332613364383131356364666437363632613231356662303262353964
63306433363064363434346432646432643465373936383837383638393961383461353637316564
61373833323836303631366535306635336235343238336235346165616634366236303030376561
38613565383733636434366462313430666434316666393966393665356235653731623932636335
64303966633765366135616234396436316338396661646539626435383762343235373438636239
30663832396335376136313639366531396261643032643664336439656231333935363835633264
63343931313934623765623935393564643534643031656166383931343434623831383464663136
36356632383638326165353236363832303961336630626566613632633362623330353263636661
35396538343161373136616534383533353430623231336535643961343039383737643763643863
35346538396335613064303663306562643231306462616533646234653161306462643865363730
35646437666339623838316561376531643166613936393036626663373262313231613932393461
65333033356537303935636266373962353463626464333939363861343031306333386638383438
33326666336332396334623931666661373134623830306235363163613762356566366335346432
61343365323331613037663332653137303363396631623636386365346333393237316230613466
37363238313265323265316264336439663232363437303239626234363631313163383838623865
35343863383534663862636665316162343638306531633665653265646131356532653461366531
62656362326662663035613261323531336636373964623862633931633666363663383236323764
30386164313435323164396334656438353461393762396137373665323465386362356639313238
30656264626161363065346336363037306132646239346433653464333865643461636564646662
39386464383863383537373434336162653862373866616232643937383464643662663765643732
38623134373634393264333936323564333963303030663562613961623637636264313332323532
64323037333134326136613533623031643239353137303762396464626561326339396362346362
64363463366532353134323039333938363230623437333136303265343563616433366637393764
32623537626132656436633536663032373764393430333532656339623834613131613562316462
38623739306632346161646638643962663930373932653433363935323361623831613138333134
32613234653363366130633130356666653062616537306263393730623466616638376661653433
31383935313836303730366464333336623738393935353837366533346332326636613562623638
34353766393637636133636661656661343739346663303036376336323631303361333135633530
61643066396433313865313039646130653861343231663163623461633737333761393436343930
66326330653164663034396630343537386562366638383238333161313365653238313839346236
31333534316134346665346337323562626465396237386362316539363863366264633264386334
65353734333737373134356234613231356333336633646538393364386638613664313461363561
32653865393135303633623535643233333362353562636165626331343830393934383439383163
38663264356534356636396533346632303837383862623561353539643166636633613136333934
39353336366165346433643763353365656435396162663130613831303833383536386161316432
31653335336661303933356138396364373330386431313139386131646538386533383337336331
65333035353635323930313262373632666361386637653965616132623166373630646636303865
34663630646430633231356263646239646339373664623661363431383538653732346638656231
63323665633035643264666331313530316561636637626638656166326538316331393735366639
32653665303233653533353337336566616238333138303431346264316235356233386438323762
37363933376235303565376164313433333839643433353137333666653861366261646638366332
61333364383639323536373261643130306663613434613239376536323536323863326134666331
64356237366464313966643334353732623539303735613837366465316238386635613666313035
65366466623037643265333464306431393138386435346234383530326364653265323732643433
61333635313532623862363939346565326166663865353163353834373863663465633165346539
63316233396238313436373137306434303063373732333834616536626263386563363935376262
33636466346465303039356466663434666631366130633266663161363965383436633536653430
39393133346430636131353939343764633836613762633739306533386466383339616637623664
33313836363936393030653636663562616461663732366261376430366563353263376239313437
34303861396366383737616436633637616561653337393762616430633532636336663633623161
31393538363563363761326262363330376161376130623064346335333766393364656462653162
38313631616532653363363461313633373261393161336665623366623836306436313734353337
32336533343135646263366539303063376233396434313536663336613036373664363562633537
36643534356234353134643137323438383637343562363966343532636338373431643535356536
64316262623238363935386530653062313266313863666639653637316232316262643361316262
39363861373930616364663934303534323437623363653731353931613765316639626361633666
63613664623230313635323562616436356161383966636266373035393835316465313066303363
31306265303930643633646632323165646264633835383237326236646638376437623965373237
34393833643132313036363466333037376262616263663739366364326630373330646331616232
32643735623335613264666236646561356432333034366438353366386234633066363835633266
37313537386335663266306161656132323162333536643032326534663662633339636230376133
34646663333961393439623235633234373936616363613036376538306136383834386461663665
64323136386365316264336631373235636639646438333766643433393339656266663035633861
31343039373634623239306331626239313064613031373333393065386361633837393166313039
33383738633639653434336365633631373233633734323861346138373633643664336435643830
33653464313933363432303738656465623734666661633465613333336465633734313666656133
62393562303434333264383935376162653665313133393633613235313531343438646231313037
62396430346165623330336132306261346462313164353165333035653931666135383933346366
65396565376462313661653034653136333439353336316463663262336562363566633261326430
32363337373863646365633638323462333861316164356333353036363634633861363737396430
64363133643633363136373836376663323264653433333139333432313132626636353531636663
38313461393062623039323761383231336134646634343731386463656532613530656437346530
65376535303437356436613034633964666165656561623761633162623939666265326266366538
39373539323537346539633962636433613061386339373539333833653933613636653066333739
64616630666331323666636465343333383237636332393162663430393463383730346165653865
62303562333035653134353339393464653137623161633763376564366235623035353563663736
65633637663937353839356333363239626531633765626161633466376265326166393864653938
32383534386236366366313264356464626161666430323639363739336165306262633238373833
31623032313934383661366631616461616534393431343032636539626534663032373032383466
63666165613062383336383731623835613733383331343835366364313464623166623936656132
66326164663930346437636461346637333662373365666562396135623663346365613030313736
31316538333238663761326339366462646430633338396435313364303365663331353730663733
30356166316533356137626364626566336633633737663436623731643039656133386438643330
63363230346631313663303939383365326434323034363636613463643334623237343533366362
32666631353336346263363433373034353962613831346637643333306537333865366137363634
31643332383762353964326237336237356266323036306331383762626530373165336630366165
62666334373232616238303065356639376330353236356361623961666534323736363163666662
35666134303438383365646135616636663533383434316436363231646136643638666336333062
65623566656337653034353462636335383239313830313066333135333733633530636637636533
39663861336239643839373936386638353561343764336465393734376566383137346431383032
32623437326435346436616636643466383566643634643238633536383161373066333034653436
65343936643236346434643363666633353337346233356435373866353333383866326637643438
63663063343837303731356138346637383932303264363336306231356535313738346163643038
36393838346234363764616138306264343962363665613331363262663138623463353639313933
32356663303037633335323666663631356463353162653265336236353837613965323462616563
61346565666336613732623561316661613031333165343735363630663137343362306264666631
66636235376265626239376432383239393765623936616161383038663738366332646666373530
39303863346130303663623531366638616563636166663836386436643538343435636337383563
35393837643636656265393661366661353336343131353333633331633131306337353865326634
35306261383561376334616338353261396437396336666531383835653861336439353662303935
32343331356136643464386566356138366537376437313463333038623030333366376161323432
65646435353961306436613062386662316135623363636465646237663738633434623363313761
38303931333664346465393935626338333437393766353632636334373532306130396633313236
31333731396134353564376533353734636362376232333437366632343938356464346664653964
34376230323262613265356661393436393561353539613165356261383031613532653761653635
31323664316462646666313731376233393963646630373636353932613630376637306535376432
31393263616230663534663261323630626536393463666333666636343730633036633030326638
64323637373531356461336535343063333238643062343763613135306664626133343033613534
34623466303466656264376331396161666466323862633032336633663230663066333163613836
65653730666637646339373534373936636664366565306162316138613166613735303466353235
30326239636461653831353364653166633761303461333361333564356635613337363466663563
31356535376639346665666538653566396632616365643564336366326464323661363964303737
62626362336536663766333137646665346135663339366261623066616537633461353534636265
66643331656166333838363139323661353136323437636230343936343937353864323930353430
31643739373665623333306232353336323465353138613461643831303563316133373432386336
65333837613331323266
